NUTS2_code,process,year,hour,load,datetime
ES51,Heating Tertiary,2010,1,0.00023753100805230172,2010/01/01 00:00:00
ES51,Heating Tertiary,2010,2,0.0002736320092761257,2010/01/01 01:00:00
ES51,Heating Tertiary,2010,3,0.0003027810102642769,2010/01/01 02:00:00
ES51,Heating Tertiary,2010,4,0.00032073201087281594,2010/01/01 03:00:00
ES51,Heating Tertiary,2010,5,0.0003288970111496094,2010/01/01 04:00:00
ES51,Heating Tertiary,2010,6,0.0003316970112445294,2010/01/01 05:00:00
ES51,Heating Tertiary,2010,7,0.000325731011042282,2010/01/01 06:00:00
ES51,Heating Tertiary,2010,8,0.00030820701044821837,2010/01/01 07:00:00
ES51,Heating Tertiary,2010,9,0.0002804210095062728,2010/01/01 08:00:00
ES51,Heating Tertiary,2010,10,0.0002476350083948273,2010/01/01 09:00:00
ES51,Heating Tertiary,2010,11,0.00021688100735226665,2010/01/01 10:00:00
ES51,Heating Tertiary,2010,12,0.00019318200654887044,2010/01/01 11:00:00
ES51,Heating Tertiary,2010,13,0.0001768210059942325,2010/01/01 12:00:00
ES51,Heating Tertiary,2010,14,0.0001642110055667534,2010/01/01 13:00:00
ES51,Heating Tertiary,2010,15,0.00015450000523755053,2010/01/01 14:00:00
ES51,Heating Tertiary,2010,16,0.0001491360050557109,2010/01/01 15:00:00
ES51,Heating Tertiary,2010,17,0.00014674800497475768,2010/01/01 16:00:00
ES51,Heating Tertiary,2010,18,0.00014559800493577264,2010/01/01 17:00:00
ES51,Heating Tertiary,2010,19,0.00014375700487336278,2010/01/01 18:00:00
ES51,Heating Tertiary,2010,20,0.0001431220048518363,2010/01/01 19:00:00
ES51,Heating Tertiary,2010,21,0.0001456890049388576,2010/01/01 20:00:00
ES51,Heating Tertiary,2010,22,0.00015492900525209362,2010/01/01 21:00:00
ES51,Heating Tertiary,2010,23,0.00017392100589592248,2010/01/01 22:00:00
ES51,Heating Tertiary,2010,24,0.00020225900685658078,2010/01/01 23:00:00
ES51,Heating Tertiary,2010,25,0.0002401640081415604,2010/01/02 00:00:00
ES51,Heating Tertiary,2010,26,0.0002734670092705322,2010/01/02 01:00:00
ES51,Heating Tertiary,2010,27,0.00029780701009565834,2010/01/02 02:00:00
ES51,Heating Tertiary,2010,28,0.00031175501056849555,2010/01/02 03:00:00
ES51,Heating Tertiary,2010,29,0.0003201890108544082,2010/01/02 04:00:00
ES51,Heating Tertiary,2010,30,0.000324611011004314,2010/01/02 05:00:00
ES51,Heating Tertiary,2010,31,0.0003199980108479333,2010/01/02 06:00:00
ES51,Heating Tertiary,2010,32,0.00030267201026058186,2010/01/02 07:00:00
ES51,Heating Tertiary,2010,33,0.00027467000931131395,2010/01/02 08:00:00
ES51,Heating Tertiary,2010,34,0.00024169700819352913,2010/01/02 09:00:00
ES51,Heating Tertiary,2010,35,0.0002100230071197804,2010/01/02 10:00:00
ES51,Heating Tertiary,2010,36,0.00018466000625997462,2010/01/02 11:00:00
ES51,Heating Tertiary,2010,37,0.00016652500564519806,2010/01/02 12:00:00
ES51,Heating Tertiary,2010,38,0.00015321400519395512,2010/01/02 13:00:00
ES51,Heating Tertiary,2010,39,0.0001438380048761087,2010/01/02 14:00:00
ES51,Heating Tertiary,2010,40,0.0001397110047362034,2010/01/02 15:00:00
ES51,Heating Tertiary,2010,41,0.00014024400475427207,2010/01/02 16:00:00
ES51,Heating Tertiary,2010,42,0.00014212400481800408,2010/01/02 17:00:00
ES51,Heating Tertiary,2010,43,0.0001427170048381068,2010/01/02 18:00:00
ES51,Heating Tertiary,2010,44,0.0001425920048338693,2010/01/02 19:00:00
ES51,Heating Tertiary,2010,45,0.0001443990048951266,2010/01/02 20:00:00
ES51,Heating Tertiary,2010,46,0.00015289000518297152,2010/01/02 21:00:00
ES51,Heating Tertiary,2010,47,0.0001726150058516491,2010/01/02 22:00:00
ES51,Heating Tertiary,2010,48,0.00020330200689193848,2010/01/02 23:00:00
ES51,Heating Tertiary,2010,49,0.00028303700959495534,2010/01/03 00:00:00
ES51,Heating Tertiary,2010,50,0.0003260540110532318,2010/01/03 01:00:00
ES51,Heating Tertiary,2010,51,0.0003607870122306805,2010/01/03 02:00:00
ES51,Heating Tertiary,2010,52,0.0003821770129558016,2010/01/03 03:00:00
ES51,Heating Tertiary,2010,53,0.0003919070132856486,2010/01/03 04:00:00
ES51,Heating Tertiary,2010,54,0.0003952420133987052,2010/01/03 05:00:00
ES51,Heating Tertiary,2010,55,0.00038813301315771,2010/01/03 06:00:00
ES51,Heating Tertiary,2010,56,0.00036725201244984404,2010/01/03 07:00:00
ES51,Heating Tertiary,2010,57,0.000334143011327449,2010/01/03 08:00:00
ES51,Heating Tertiary,2010,58,0.00029507601000307743,2010/01/03 09:00:00
ES51,Heating Tertiary,2010,59,0.0002584300087607779,2010/01/03 10:00:00
ES51,Heating Tertiary,2010,60,0.00023019100780347567,2010/01/03 11:00:00
ES51,Heating Tertiary,2010,61,0.00021069700714262902,2010/01/03 12:00:00
ES51,Heating Tertiary,2010,62,0.00019567100663324754,2010/01/03 13:00:00
ES51,Heating Tertiary,2010,63,0.00018409800624092284,2010/01/03 14:00:00
ES51,Heating Tertiary,2010,64,0.000177706006024234,2010/01/03 15:00:00
ES51,Heating Tertiary,2010,65,0.00017486100592778848,2010/01/03 16:00:00
ES51,Heating Tertiary,2010,66,0.00017349200588137945,2010/01/03 17:00:00
ES51,Heating Tertiary,2010,67,0.00017129800580700279,2010/01/03 18:00:00
ES51,Heating Tertiary,2010,68,0.00017054200578137438,2010/01/03 19:00:00
ES51,Heating Tertiary,2010,69,0.00017359900588500673,2010/01/03 20:00:00
ES51,Heating Tertiary,2010,70,0.00018461000625827963,2010/01/03 21:00:00
ES51,Heating Tertiary,2010,71,0.0002072400070254367,2010/01/03 22:00:00
ES51,Heating Tertiary,2010,72,0.00024100700817013813,2010/01/03 23:00:00
ES51,Heating Tertiary,2010,73,0.0002291500077681858,2010/01/04 00:00:00
ES51,Heating Tertiary,2010,74,0.00025956500879925436,2010/01/04 01:00:00
ES51,Heating Tertiary,2010,75,0.0002828390095882431,2010/01/04 02:00:00
ES51,Heating Tertiary,2010,76,0.0002968360100627414,2010/01/04 03:00:00
ES51,Heating Tertiary,2010,77,0.00030409101030868597,2010/01/04 04:00:00
ES51,Heating Tertiary,2010,78,0.00030678501040001257,2010/01/04 05:00:00
ES51,Heating Tertiary,2010,79,0.00030111101020766394,2010/01/04 06:00:00
ES51,Heating Tertiary,2010,80,0.00028325200960224376,2010/01/04 07:00:00
ES51,Heating Tertiary,2010,81,0.00025527200865372164,2010/01/04 08:00:00
ES51,Heating Tertiary,2010,82,0.00022330800757014194,2010/01/04 09:00:00
ES51,Heating Tertiary,2010,83,0.00019462600659782208,2010/01/04 10:00:00
ES51,Heating Tertiary,2010,84,0.00017247400584686923,2010/01/04 11:00:00
ES51,Heating Tertiary,2010,85,0.00015708900532531762,2010/01/04 12:00:00
ES51,Heating Tertiary,2010,86,0.000145585004935332,2010/01/04 13:00:00
ES51,Heating Tertiary,2010,87,0.0001378660046736579,2010/01/04 14:00:00
ES51,Heating Tertiary,2010,88,0.00013444400455765206,2010/01/04 15:00:00
ES51,Heating Tertiary,2010,89,0.00013463000456395745,2010/01/04 16:00:00
ES51,Heating Tertiary,2010,90,0.00013600200461046826,2010/01/04 17:00:00
ES51,Heating Tertiary,2010,91,0.00013646300462609616,2010/01/04 18:00:00
ES51,Heating Tertiary,2010,92,0.00013721500465158898,2010/01/04 19:00:00
ES51,Heating Tertiary,2010,93,0.0001405780047655947,2010/01/04 20:00:00
ES51,Heating Tertiary,2010,94,0.0001503200050958485,2010/01/04 21:00:00
ES51,Heating Tertiary,2010,95,0.00016920000573588057,2010/01/04 22:00:00
ES51,Heating Tertiary,2010,96,0.0001968540066733513,2010/01/04 23:00:00
ES51,Heating Tertiary,2010,97,0.0002291500077681858,2010/01/05 00:00:00
ES51,Heating Tertiary,2010,98,0.00025956500879925436,2010/01/05 01:00:00
ES51,Heating Tertiary,2010,99,0.0002828390095882431,2010/01/05 02:00:00
ES51,Heating Tertiary,2010,100,0.0002968360100627414,2010/01/05 03:00:00
ES51,Heating Tertiary,2010,101,0.00030409101030868597,2010/01/05 04:00:00
ES51,Heating Tertiary,2010,102,0.00030678501040001257,2010/01/05 05:00:00
ES51,Heating Tertiary,2010,103,0.00030111101020766394,2010/01/05 06:00:00
ES51,Heating Tertiary,2010,104,0.00028325200960224376,2010/01/05 07:00:00
ES51,Heating Tertiary,2010,105,0.00025527200865372164,2010/01/05 08:00:00
ES51,Heating Tertiary,2010,106,0.00022330800757014194,2010/01/05 09:00:00
ES51,Heating Tertiary,2010,107,0.00019462600659782208,2010/01/05 10:00:00
ES51,Heating Tertiary,2010,108,0.00017247400584686923,2010/01/05 11:00:00
ES51,Heating Tertiary,2010,109,0.00015708900532531762,2010/01/05 12:00:00
ES51,Heating Tertiary,2010,110,0.000145585004935332,2010/01/05 13:00:00
ES51,Heating Tertiary,2010,111,0.0001378660046736579,2010/01/05 14:00:00
ES51,Heating Tertiary,2010,112,0.00013444400455765206,2010/01/05 15:00:00
ES51,Heating Tertiary,2010,113,0.00013463000456395745,2010/01/05 16:00:00
ES51,Heating Tertiary,2010,114,0.00013600200461046826,2010/01/05 17:00:00
ES51,Heating Tertiary,2010,115,0.00013646300462609616,2010/01/05 18:00:00
ES51,Heating Tertiary,2010,116,0.00013721500465158898,2010/01/05 19:00:00
ES51,Heating Tertiary,2010,117,0.0001405780047655947,2010/01/05 20:00:00
ES51,Heating Tertiary,2010,118,0.0001503200050958485,2010/01/05 21:00:00
ES51,Heating Tertiary,2010,119,0.00016920000573588057,2010/01/05 22:00:00
ES51,Heating Tertiary,2010,120,0.0001968540066733513,2010/01/05 23:00:00
ES51,Heating Tertiary,2010,121,0.00030756401042642066,2010/01/06 00:00:00
ES51,Heating Tertiary,2010,122,0.00035430901201107635,2010/01/06 01:00:00
ES51,Heating Tertiary,2010,123,0.00039205201329056417,2010/01/06 02:00:00
ES51,Heating Tertiary,2010,124,0.0004152960140785358,2010/01/06 03:00:00
ES51,Heating Tertiary,2010,125,0.0004258680144369267,2010/01/06 04:00:00
ES51,Heating Tertiary,2010,126,0.0004294930145598142,2010/01/06 05:00:00
ES51,Heating Tertiary,2010,127,0.00042176801429793663,2010/01/06 06:00:00
ES51,Heating Tertiary,2010,128,0.00039907801352874554,2010/01/06 07:00:00
ES51,Heating Tertiary,2010,129,0.00036309901230905734,2010/01/06 08:00:00
ES51,Heating Tertiary,2010,130,0.00032064701086993437,2010/01/06 09:00:00
ES51,Heating Tertiary,2010,131,0.0002808260095200024,2010/01/06 10:00:00
ES51,Heating Tertiary,2010,132,0.00025014000847974684,2010/01/06 11:00:00
ES51,Heating Tertiary,2010,133,0.0002289550077615753,2010/01/06 12:00:00
ES51,Heating Tertiary,2010,134,0.00021262700720805602,2010/01/06 13:00:00
ES51,Heating Tertiary,2010,135,0.00020005100678172956,2010/01/06 14:00:00
ES51,Heating Tertiary,2010,136,0.00019310700654632797,2010/01/06 15:00:00
ES51,Heating Tertiary,2010,137,0.00019001500644150914,2010/01/06 16:00:00
ES51,Heating Tertiary,2010,138,0.00018852600639103205,2010/01/06 17:00:00
ES51,Heating Tertiary,2010,139,0.00018614100631018053,2010/01/06 18:00:00
ES51,Heating Tertiary,2010,140,0.00018532000628234863,2010/01/06 19:00:00
ES51,Heating Tertiary,2010,141,0.00018864300639499833,2010/01/06 20:00:00
ES51,Heating Tertiary,2010,142,0.00020060700680057798,2010/01/06 21:00:00
ES51,Heating Tertiary,2010,143,0.00022519900763424687,2010/01/06 22:00:00
ES51,Heating Tertiary,2010,144,0.0002618910088781058,2010/01/06 23:00:00
ES51,Heating Tertiary,2010,145,0.00034823901180530345,2010/01/07 00:00:00
ES51,Heating Tertiary,2010,146,0.00039446101337222924,2010/01/07 01:00:00
ES51,Heating Tertiary,2010,147,0.00042983001457123844,2010/01/07 02:00:00
ES51,Heating Tertiary,2010,148,0.00045110101529232543,2010/01/07 03:00:00
ES51,Heating Tertiary,2010,149,0.00046212801566614077,2010/01/07 04:00:00
ES51,Heating Tertiary,2010,150,0.0004662210158048935,2010/01/07 05:00:00
ES51,Heating Tertiary,2010,151,0.0004576000155126416,2010/01/07 06:00:00
ES51,Heating Tertiary,2010,152,0.00043045901459256154,2010/01/07 07:00:00
ES51,Heating Tertiary,2010,153,0.0003879380131510997,2010/01/07 08:00:00
ES51,Heating Tertiary,2010,154,0.0003393600115043052,2010/01/07 09:00:00
ES51,Heating Tertiary,2010,155,0.0002957740100267396,2010/01/07 10:00:00
ES51,Heating Tertiary,2010,156,0.000262109008885496,2010/01/07 11:00:00
ES51,Heating Tertiary,2010,157,0.00023872900809291392,2010/01/07 12:00:00
ES51,Heating Tertiary,2010,158,0.00022124600750024015,2010/01/07 13:00:00
ES51,Heating Tertiary,2010,159,0.0002095160071025931,2010/01/07 14:00:00
ES51,Heating Tertiary,2010,160,0.00020431400692624529,2010/01/07 15:00:00
ES51,Heating Tertiary,2010,161,0.000204597006935839,2010/01/07 16:00:00
ES51,Heating Tertiary,2010,162,0.0002066830070065544,2010/01/07 17:00:00
ES51,Heating Tertiary,2010,163,0.00020738300703028443,2010/01/07 18:00:00
ES51,Heating Tertiary,2010,164,0.000208527007069066,2010/01/07 19:00:00
ES51,Heating Tertiary,2010,165,0.0002136360072422611,2010/01/07 20:00:00
ES51,Heating Tertiary,2010,166,0.00022844200774418459,2010/01/07 21:00:00
ES51,Heating Tertiary,2010,167,0.00025713300871680955,2010/01/07 22:00:00
ES51,Heating Tertiary,2010,168,0.0002991590101414911,2010/01/07 23:00:00
ES51,Heating Tertiary,2010,169,0.00034823901180530345,2010/01/08 00:00:00
ES51,Heating Tertiary,2010,170,0.00039446101337222924,2010/01/08 01:00:00
ES51,Heating Tertiary,2010,171,0.00042983001457123844,2010/01/08 02:00:00
ES51,Heating Tertiary,2010,172,0.00045110101529232543,2010/01/08 03:00:00
ES51,Heating Tertiary,2010,173,0.00046212801566614077,2010/01/08 04:00:00
ES51,Heating Tertiary,2010,174,0.0004662210158048935,2010/01/08 05:00:00
ES51,Heating Tertiary,2010,175,0.0004576000155126416,2010/01/08 06:00:00
ES51,Heating Tertiary,2010,176,0.00043045901459256154,2010/01/08 07:00:00
ES51,Heating Tertiary,2010,177,0.0003879380131510997,2010/01/08 08:00:00
ES51,Heating Tertiary,2010,178,0.0003393600115043052,2010/01/08 09:00:00
ES51,Heating Tertiary,2010,179,0.0002957740100267396,2010/01/08 10:00:00
ES51,Heating Tertiary,2010,180,0.000262109008885496,2010/01/08 11:00:00
ES51,Heating Tertiary,2010,181,0.00023872900809291392,2010/01/08 12:00:00
ES51,Heating Tertiary,2010,182,0.00022124600750024015,2010/01/08 13:00:00
ES51,Heating Tertiary,2010,183,0.0002095160071025931,2010/01/08 14:00:00
ES51,Heating Tertiary,2010,184,0.00020431400692624529,2010/01/08 15:00:00
ES51,Heating Tertiary,2010,185,0.000204597006935839,2010/01/08 16:00:00
ES51,Heating Tertiary,2010,186,0.0002066830070065544,2010/01/08 17:00:00
ES51,Heating Tertiary,2010,187,0.00020738300703028443,2010/01/08 18:00:00
ES51,Heating Tertiary,2010,188,0.000208527007069066,2010/01/08 19:00:00
ES51,Heating Tertiary,2010,189,0.0002136360072422611,2010/01/08 20:00:00
ES51,Heating Tertiary,2010,190,0.00022844200774418459,2010/01/08 21:00:00
ES51,Heating Tertiary,2010,191,0.00025713300871680955,2010/01/08 22:00:00
ES51,Heating Tertiary,2010,192,0.0002991590101414911,2010/01/08 23:00:00
ES51,Heating Tertiary,2010,193,0.00036497801237275545,2010/01/09 00:00:00
ES51,Heating Tertiary,2010,194,0.0004155870140884007,2010/01/09 01:00:00
ES51,Heating Tertiary,2010,195,0.00045257801534239573,2010/01/09 02:00:00
ES51,Heating Tertiary,2010,196,0.0004737740160609402,2010/01/09 03:00:00
ES51,Heating Tertiary,2010,197,0.00048659201649547046,2010/01/09 04:00:00
ES51,Heating Tertiary,2010,198,0.0004933100167232107,2010/01/09 05:00:00
ES51,Heating Tertiary,2010,199,0.00048630101648560554,2010/01/09 06:00:00
ES51,Heating Tertiary,2010,200,0.00045997201559305236,2010/01/09 07:00:00
ES51,Heating Tertiary,2010,201,0.0004174160141504038,2010/01/09 08:00:00
ES51,Heating Tertiary,2010,202,0.0003673080124517425,2010/01/09 09:00:00
ES51,Heating Tertiary,2010,203,0.0003191720108199319,2010/01/09 10:00:00
ES51,Heating Tertiary,2010,204,0.00028062700951325627,2010/01/09 11:00:00
ES51,Heating Tertiary,2010,205,0.00025306800857900606,2010/01/09 12:00:00
ES51,Heating Tertiary,2010,206,0.00023283900789324293,2010/01/09 13:00:00
ES51,Heating Tertiary,2010,207,0.00021858900741016787,2010/01/09 14:00:00
ES51,Heating Tertiary,2010,208,0.00021232000719764873,2010/01/09 15:00:00
ES51,Heating Tertiary,2010,209,0.00021313000722510773,2010/01/09 16:00:00
ES51,Heating Tertiary,2010,210,0.00021598500732189225,2010/01/09 17:00:00
ES51,Heating Tertiary,2010,211,0.00021688800735250396,2010/01/09 18:00:00
ES51,Heating Tertiary,2010,212,0.00021669700734602905,2010/01/09 19:00:00
ES51,Heating Tertiary,2010,213,0.00021944300743911846,2010/01/09 20:00:00
ES51,Heating Tertiary,2010,214,0.0002323470078765641,2010/01/09 21:00:00
ES51,Heating Tertiary,2010,215,0.0002623240088927845,2010/01/09 22:00:00
ES51,Heating Tertiary,2010,216,0.0003089580104736773,2010/01/09 23:00:00
ES51,Heating Tertiary,2010,217,0.0004156800140915534,2010/01/10 00:00:00
ES51,Heating Tertiary,2010,218,0.00047885601623322,2010/01/10 01:00:00
ES51,Heating Tertiary,2010,219,0.0005298670179624931,2010/01/10 02:00:00
ES51,Heating Tertiary,2010,220,0.0005612810190274278,2010/01/10 03:00:00
ES51,Heating Tertiary,2010,221,0.0005755710195118589,2010/01/10 04:00:00
ES51,Heating Tertiary,2010,222,0.0005804690196779011,2010/01/10 05:00:00
ES51,Heating Tertiary,2010,223,0.000570029019323985,2010/01/10 06:00:00
ES51,Heating Tertiary,2010,224,0.0005393630182844076,2010/01/10 07:00:00
ES51,Heating Tertiary,2010,225,0.000490737016635986,2010/01/10 08:00:00
ES51,Heating Tertiary,2010,226,0.0004333610146909394,2010/01/10 09:00:00
ES51,Heating Tertiary,2010,227,0.00037954201286647505,2010/01/10 10:00:00
ES51,Heating Tertiary,2010,228,0.0003380690114605403,2010/01/10 11:00:00
ES51,Heating Tertiary,2010,229,0.00030943801048994923,2010/01/10 12:00:00
ES51,Heating Tertiary,2010,230,0.000287370009741844,2010/01/10 13:00:00
ES51,Heating Tertiary,2010,231,0.0002703730091656456,2010/01/10 14:00:00
ES51,Heating Tertiary,2010,232,0.0002609880088474941,2010/01/10 15:00:00
ES51,Heating Tertiary,2010,233,0.0002568080087057921,2010/01/10 16:00:00
ES51,Heating Tertiary,2010,234,0.0002547970086376192,2010/01/10 17:00:00
ES51,Heating Tertiary,2010,235,0.00025157500852839335,2010/01/10 18:00:00
ES51,Heating Tertiary,2010,236,0.00025046400849073046,2010/01/10 19:00:00
ES51,Heating Tertiary,2010,237,0.0002549550086429754,2010/01/10 20:00:00
ES51,Heating Tertiary,2010,238,0.0002711250091911384,2010/01/10 21:00:00
ES51,Heating Tertiary,2010,239,0.00030436101031783893,2010/01/10 22:00:00
ES51,Heating Tertiary,2010,240,0.000353952011998974,2010/01/10 23:00:00
ES51,Heating Tertiary,2010,241,0.00040101201359430815,2010/01/11 00:00:00
ES51,Heating Tertiary,2010,242,0.00045423901539870363,2010/01/11 01:00:00
ES51,Heating Tertiary,2010,243,0.0004949680167794169,2010/01/11 02:00:00
ES51,Heating Tertiary,2010,244,0.0005194620176097635,2010/01/11 03:00:00
ES51,Heating Tertiary,2010,245,0.0005321610180402597,2010/01/11 04:00:00
ES51,Heating Tertiary,2010,246,0.0005368730181999966,2010/01/11 05:00:00
ES51,Heating Tertiary,2010,247,0.0005269450178634373,2010/01/11 06:00:00
ES51,Heating Tertiary,2010,248,0.0004956920168039605,2010/01/11 07:00:00
ES51,Heating Tertiary,2010,249,0.00044672601514401293,2010/01/11 08:00:00
ES51,Heating Tertiary,2010,250,0.00039078901324774844,2010/01/11 09:00:00
ES51,Heating Tertiary,2010,251,0.00034059601154620554,2010/01/11 10:00:00
ES51,Heating Tertiary,2010,252,0.000301830010232038,2010/01/11 11:00:00
ES51,Heating Tertiary,2010,253,0.0002749070093193482,2010/01/11 12:00:00
ES51,Heating Tertiary,2010,254,0.0002547740086368395,2010/01/11 13:00:00
ES51,Heating Tertiary,2010,255,0.0002412660081789182,2010/01/11 14:00:00
ES51,Heating Tertiary,2010,256,0.0002352770079758911,2010/01/11 15:00:00
ES51,Heating Tertiary,2010,257,0.00023560300798694252,2010/01/11 16:00:00
ES51,Heating Tertiary,2010,258,0.0002380040080683364,2010/01/11 17:00:00
ES51,Heating Tertiary,2010,259,0.00023881100809569373,2010/01/11 18:00:00
ES51,Heating Tertiary,2010,260,0.00024012800814034,2010/01/11 19:00:00
ES51,Heating Tertiary,2010,261,0.0002460120083398076,2010/01/11 20:00:00
ES51,Heating Tertiary,2010,262,0.0002630610089177688,2010/01/11 21:00:00
ES51,Heating Tertiary,2010,263,0.0002960990100377571,2010/01/11 22:00:00
ES51,Heating Tertiary,2010,264,0.0003444950116783817,2010/01/11 23:00:00
ES51,Heating Tertiary,2010,265,0.0003754820127288411,2010/01/12 00:00:00
ES51,Heating Tertiary,2010,266,0.00042532001441834946,2010/01/12 01:00:00
ES51,Heating Tertiary,2010,267,0.00046345601571115997,2010/01/12 02:00:00
ES51,Heating Tertiary,2010,268,0.00048639001648862265,2010/01/12 03:00:00
ES51,Heating Tertiary,2010,269,0.0004982800168916937,2010/01/12 04:00:00
ES51,Heating Tertiary,2010,270,0.0005026940170413283,2010/01/12 05:00:00
ES51,Heating Tertiary,2010,271,0.00049339701672616,2010/01/12 06:00:00
ES51,Heating Tertiary,2010,272,0.0004641340157341442,2010/01/12 07:00:00
ES51,Heating Tertiary,2010,273,0.0004182860141798968,2010/01/12 08:00:00
ES51,Heating Tertiary,2010,274,0.0003659090124043163,2010/01/12 09:00:00
ES51,Heating Tertiary,2010,275,0.000318912010811118,2010/01/12 10:00:00
ES51,Heating Tertiary,2010,276,0.00028261400958061564,2010/01/12 11:00:00
ES51,Heating Tertiary,2010,277,0.00025740500872603036,2010/01/12 12:00:00
ES51,Heating Tertiary,2010,278,0.0002385530080869475,2010/01/12 13:00:00
ES51,Heating Tertiary,2010,279,0.00022590600765821418,2010/01/12 14:00:00
ES51,Heating Tertiary,2010,280,0.00022029800746810294,2010/01/12 15:00:00
ES51,Heating Tertiary,2010,281,0.00022060300747844247,2010/01/12 16:00:00
ES51,Heating Tertiary,2010,282,0.00022285200755468355,2010/01/12 17:00:00
ES51,Heating Tertiary,2010,283,0.00022360700758027806,2010/01/12 18:00:00
ES51,Heating Tertiary,2010,284,0.00022484100762211066,2010/01/12 19:00:00
ES51,Heating Tertiary,2010,285,0.00023034900780883187,2010/01/12 20:00:00
ES51,Heating Tertiary,2010,286,0.00024631400835004545,2010/01/12 21:00:00
ES51,Heating Tertiary,2010,287,0.0002772480093987081,2010/01/12 22:00:00
ES51,Heating Tertiary,2010,288,0.0003225620109348529,2010/01/12 23:00:00
ES51,Heating Tertiary,2010,289,0.00034823901180530345,2010/01/13 00:00:00
ES51,Heating Tertiary,2010,290,0.00039446101337222924,2010/01/13 01:00:00
ES51,Heating Tertiary,2010,291,0.00042983001457123844,2010/01/13 02:00:00
ES51,Heating Tertiary,2010,292,0.00045110101529232543,2010/01/13 03:00:00
ES51,Heating Tertiary,2010,293,0.00046212801566614077,2010/01/13 04:00:00
ES51,Heating Tertiary,2010,294,0.0004662210158048935,2010/01/13 05:00:00
ES51,Heating Tertiary,2010,295,0.0004576000155126416,2010/01/13 06:00:00
ES51,Heating Tertiary,2010,296,0.00043045901459256154,2010/01/13 07:00:00
ES51,Heating Tertiary,2010,297,0.0003879380131510997,2010/01/13 08:00:00
ES51,Heating Tertiary,2010,298,0.0003393600115043052,2010/01/13 09:00:00
ES51,Heating Tertiary,2010,299,0.0002957740100267396,2010/01/13 10:00:00
ES51,Heating Tertiary,2010,300,0.000262109008885496,2010/01/13 11:00:00
ES51,Heating Tertiary,2010,301,0.00023872900809291392,2010/01/13 12:00:00
ES51,Heating Tertiary,2010,302,0.00022124600750024015,2010/01/13 13:00:00
ES51,Heating Tertiary,2010,303,0.0002095160071025931,2010/01/13 14:00:00
ES51,Heating Tertiary,2010,304,0.00020431400692624529,2010/01/13 15:00:00
ES51,Heating Tertiary,2010,305,0.000204597006935839,2010/01/13 16:00:00
ES51,Heating Tertiary,2010,306,0.0002066830070065544,2010/01/13 17:00:00
ES51,Heating Tertiary,2010,307,0.00020738300703028443,2010/01/13 18:00:00
ES51,Heating Tertiary,2010,308,0.000208527007069066,2010/01/13 19:00:00
ES51,Heating Tertiary,2010,309,0.0002136360072422611,2010/01/13 20:00:00
ES51,Heating Tertiary,2010,310,0.00022844200774418459,2010/01/13 21:00:00
ES51,Heating Tertiary,2010,311,0.00025713300871680955,2010/01/13 22:00:00
ES51,Heating Tertiary,2010,312,0.0002991590101414911,2010/01/13 23:00:00
ES51,Heating Tertiary,2010,313,0.00025094400850700246,2010/01/14 00:00:00
ES51,Heating Tertiary,2010,314,0.0002842520096361438,2010/01/14 01:00:00
ES51,Heating Tertiary,2010,315,0.00030974001050018706,2010/01/14 02:00:00
ES51,Heating Tertiary,2010,316,0.0003250670110197724,2010/01/14 03:00:00
ES51,Heating Tertiary,2010,317,0.00033301301128914194,2010/01/14 04:00:00
ES51,Heating Tertiary,2010,318,0.0003359630113891469,2010/01/14 05:00:00
ES51,Heating Tertiary,2010,319,0.0003297500111785261,2010/01/14 06:00:00
ES51,Heating Tertiary,2010,320,0.00031019301051554373,2010/01/14 07:00:00
ES51,Heating Tertiary,2010,321,0.00027955100947677983,2010/01/14 08:00:00
ES51,Heating Tertiary,2010,322,0.00024454600829011024,2010/01/14 09:00:00
ES51,Heating Tertiary,2010,323,0.000213137007225345,2010/01/14 10:00:00
ES51,Heating Tertiary,2010,324,0.00018887800640296482,2010/01/14 11:00:00
ES51,Heating Tertiary,2010,325,0.00017203100583185145,2010/01/14 12:00:00
ES51,Heating Tertiary,2010,326,0.00015943200540474538,2010/01/14 13:00:00
ES51,Heating Tertiary,2010,327,0.00015097800511815467,2010/01/14 14:00:00
ES51,Heating Tertiary,2010,328,0.0001472300049910975,2010/01/14 15:00:00
ES51,Heating Tertiary,2010,329,0.000147435004998047,2010/01/14 16:00:00
ES51,Heating Tertiary,2010,330,0.0001489380050489987,2010/01/14 17:00:00
ES51,Heating Tertiary,2010,331,0.0001494410050660504,2010/01/14 18:00:00
ES51,Heating Tertiary,2010,332,0.0001502660050940179,2010/01/14 19:00:00
ES51,Heating Tertiary,2010,333,0.00015394800521883767,2010/01/14 20:00:00
ES51,Heating Tertiary,2010,334,0.0001646170055805169,2010/01/14 21:00:00
ES51,Heating Tertiary,2010,335,0.00018529200628139943,2010/01/14 22:00:00
ES51,Heating Tertiary,2010,336,0.00021557700730806103,2010/01/14 23:00:00
ES51,Heating Tertiary,2010,337,0.0002084450070662862,2010/01/15 00:00:00
ES51,Heating Tertiary,2010,338,0.0002361130080042315,2010/01/15 01:00:00
ES51,Heating Tertiary,2010,339,0.0002572830087218946,2010/01/15 02:00:00
ES51,Heating Tertiary,2010,340,0.0002700150091535094,2010/01/15 03:00:00
ES51,Heating Tertiary,2010,341,0.00027661600937728333,2010/01/15 04:00:00
ES51,Heating Tertiary,2010,342,0.00027906500946030445,2010/01/15 05:00:00
ES51,Heating Tertiary,2010,343,0.0002739050092853804,2010/01/15 06:00:00
ES51,Heating Tertiary,2010,344,0.0002576600087346749,2010/01/15 07:00:00
ES51,Heating Tertiary,2010,345,0.0002322070078718181,2010/01/15 08:00:00
ES51,Heating Tertiary,2010,346,0.0002031310068861416,2010/01/15 09:00:00
ES51,Heating Tertiary,2010,347,0.0001770410060016905,2010/01/15 10:00:00
ES51,Heating Tertiary,2010,348,0.0001568900053185715,2010/01/15 11:00:00
ES51,Heating Tertiary,2010,349,0.00014289600484417494,2010/01/15 12:00:00
ES51,Heating Tertiary,2010,350,0.00013243100448941136,2010/01/15 13:00:00
ES51,Heating Tertiary,2010,351,0.00012541000425139942,2010/01/15 14:00:00
ES51,Heating Tertiary,2010,352,0.00012229600414583484,2010/01/15 15:00:00
ES51,Heating Tertiary,2010,353,0.00012246500415156393,2010/01/15 16:00:00
ES51,Heating Tertiary,2010,354,0.00012371400419390502,2010/01/15 17:00:00
ES51,Heating Tertiary,2010,355,0.00012413400420814303,2010/01/15 18:00:00
ES51,Heating Tertiary,2010,356,0.00012481800423133063,2010/01/15 19:00:00
ES51,Heating Tertiary,2010,357,0.00012787700433503074,2010/01/15 20:00:00
ES51,Heating Tertiary,2010,358,0.00013673900463545256,2010/01/15 21:00:00
ES51,Heating Tertiary,2010,359,0.00015391100521758343,2010/01/15 22:00:00
ES51,Heating Tertiary,2010,360,0.00017906700607037192,2010/01/15 23:00:00
ES51,Heating Tertiary,2010,361,0.00021846400740593036,2010/01/16 00:00:00
ES51,Heating Tertiary,2010,362,0.00024875800843289703,2010/01/16 01:00:00
ES51,Heating Tertiary,2010,363,0.000270899009183477,2010/01/16 02:00:00
ES51,Heating Tertiary,2010,364,0.00028358600961356635,2010/01/16 03:00:00
ES51,Heating Tertiary,2010,365,0.0002912590098736811,2010/01/16 04:00:00
ES51,Heating Tertiary,2010,366,0.000295280010009993,2010/01/16 05:00:00
ES51,Heating Tertiary,2010,367,0.0002910850098677825,2010/01/16 06:00:00
ES51,Heating Tertiary,2010,368,0.0002753250093335184,2010/01/16 07:00:00
ES51,Heating Tertiary,2010,369,0.00024985300847001757,2010/01/16 08:00:00
ES51,Heating Tertiary,2010,370,0.00021985900745322086,2010/01/16 09:00:00
ES51,Heating Tertiary,2010,371,0.00019104700647649394,2010/01/16 10:00:00
ES51,Heating Tertiary,2010,372,0.00016797500569435306,2010/01/16 11:00:00
ES51,Heating Tertiary,2010,373,0.00015147800513510466,2010/01/16 12:00:00
ES51,Heating Tertiary,2010,374,0.0001393710047246774,2010/01/16 13:00:00
ES51,Heating Tertiary,2010,375,0.00013084100443551037,2010/01/16 14:00:00
ES51,Heating Tertiary,2010,376,0.00012708900430831753,2010/01/16 15:00:00
ES51,Heating Tertiary,2010,377,0.00012757400432475904,2010/01/16 16:00:00
ES51,Heating Tertiary,2010,378,0.00012928200438266024,2010/01/16 17:00:00
ES51,Heating Tertiary,2010,379,0.00012982200440096625,2010/01/16 18:00:00
ES51,Heating Tertiary,2010,380,0.00012970800439710163,2010/01/16 19:00:00
ES51,Heating Tertiary,2010,381,0.00013135200445283326,2010/01/16 20:00:00
ES51,Heating Tertiary,2010,382,0.00013907600471467686,2010/01/16 21:00:00
ES51,Heating Tertiary,2010,383,0.00015701800532291074,2010/01/16 22:00:00
ES51,Heating Tertiary,2010,384,0.00018493300626922933,2010/01/16 23:00:00
ES51,Heating Tertiary,2010,385,0.00023753100805230172,2010/01/17 00:00:00
ES51,Heating Tertiary,2010,386,0.0002736320092761257,2010/01/17 01:00:00
ES51,Heating Tertiary,2010,387,0.0003027810102642769,2010/01/17 02:00:00
ES51,Heating Tertiary,2010,388,0.00032073201087281594,2010/01/17 03:00:00
ES51,Heating Tertiary,2010,389,0.0003288970111496094,2010/01/17 04:00:00
ES51,Heating Tertiary,2010,390,0.0003316970112445294,2010/01/17 05:00:00
ES51,Heating Tertiary,2010,391,0.000325731011042282,2010/01/17 06:00:00
ES51,Heating Tertiary,2010,392,0.00030820701044821837,2010/01/17 07:00:00
ES51,Heating Tertiary,2010,393,0.0002804210095062728,2010/01/17 08:00:00
ES51,Heating Tertiary,2010,394,0.0002476350083948273,2010/01/17 09:00:00
ES51,Heating Tertiary,2010,395,0.00021688100735226665,2010/01/17 10:00:00
ES51,Heating Tertiary,2010,396,0.00019318200654887044,2010/01/17 11:00:00
ES51,Heating Tertiary,2010,397,0.0001768210059942325,2010/01/17 12:00:00
ES51,Heating Tertiary,2010,398,0.0001642110055667534,2010/01/17 13:00:00
ES51,Heating Tertiary,2010,399,0.00015450000523755053,2010/01/17 14:00:00
ES51,Heating Tertiary,2010,400,0.0001491360050557109,2010/01/17 15:00:00
ES51,Heating Tertiary,2010,401,0.00014674800497475768,2010/01/17 16:00:00
ES51,Heating Tertiary,2010,402,0.00014559800493577264,2010/01/17 17:00:00
ES51,Heating Tertiary,2010,403,0.00014375700487336278,2010/01/17 18:00:00
ES51,Heating Tertiary,2010,404,0.0001431220048518363,2010/01/17 19:00:00
ES51,Heating Tertiary,2010,405,0.0001456890049388576,2010/01/17 20:00:00
ES51,Heating Tertiary,2010,406,0.00015492900525209362,2010/01/17 21:00:00
ES51,Heating Tertiary,2010,407,0.00017392100589592248,2010/01/17 22:00:00
ES51,Heating Tertiary,2010,408,0.00020225900685658078,2010/01/17 23:00:00
ES51,Heating Tertiary,2010,409,0.00018540600628526402,2010/01/18 00:00:00
ES51,Heating Tertiary,2010,410,0.0002100150071195092,2010/01/18 01:00:00
ES51,Heating Tertiary,2010,411,0.0002288460077578802,2010/01/18 02:00:00
ES51,Heating Tertiary,2010,412,0.0002401700081417638,2010/01/18 03:00:00
ES51,Heating Tertiary,2010,413,0.00024604200834082464,2010/01/18 04:00:00
ES51,Heating Tertiary,2010,414,0.00024822000841465884,2010/01/18 05:00:00
ES51,Heating Tertiary,2010,415,0.00024363000825905782,2010/01/18 06:00:00
ES51,Heating Tertiary,2010,416,0.0002291800077692028,2010/01/18 07:00:00
ES51,Heating Tertiary,2010,417,0.0002065410070017406,2010/01/18 08:00:00
ES51,Heating Tertiary,2010,418,0.00018067900612501873,2010/01/18 09:00:00
ES51,Heating Tertiary,2010,419,0.00015747200533830133,2010/01/18 10:00:00
ES51,Heating Tertiary,2010,420,0.00013955000473074548,2010/01/18 11:00:00
ES51,Heating Tertiary,2010,421,0.00012710200430875824,2010/01/18 12:00:00
ES51,Heating Tertiary,2010,422,0.000117794003993217,2010/01/18 13:00:00
ES51,Heating Tertiary,2010,423,0.00011154800378147758,2010/01/18 14:00:00
ES51,Heating Tertiary,2010,424,0.00010877900368760847,2010/01/18 15:00:00
ES51,Heating Tertiary,2010,425,0.00010893000369272737,2010/01/18 16:00:00
ES51,Heating Tertiary,2010,426,0.00011004000373035638,2010/01/18 17:00:00
ES51,Heating Tertiary,2010,427,0.00011041200374296718,2010/01/18 18:00:00
ES51,Heating Tertiary,2010,428,0.00011102100376361227,2010/01/18 19:00:00
ES51,Heating Tertiary,2010,429,0.00011374200385585419,2010/01/18 20:00:00
ES51,Heating Tertiary,2010,430,0.00012162500412308791,2010/01/18 21:00:00
ES51,Heating Tertiary,2010,431,0.00013690000464091048,2010/01/18 22:00:00
ES51,Heating Tertiary,2010,432,0.00015927500539942305,2010/01/18 23:00:00
ES51,Heating Tertiary,2010,433,0.0002084450070662862,2010/01/19 00:00:00
ES51,Heating Tertiary,2010,434,0.0002361130080042315,2010/01/19 01:00:00
ES51,Heating Tertiary,2010,435,0.0002572830087218946,2010/01/19 02:00:00
ES51,Heating Tertiary,2010,436,0.0002700150091535094,2010/01/19 03:00:00
ES51,Heating Tertiary,2010,437,0.00027661600937728333,2010/01/19 04:00:00
ES51,Heating Tertiary,2010,438,0.00027906500946030445,2010/01/19 05:00:00
ES51,Heating Tertiary,2010,439,0.0002739050092853804,2010/01/19 06:00:00
ES51,Heating Tertiary,2010,440,0.0002576600087346749,2010/01/19 07:00:00
ES51,Heating Tertiary,2010,441,0.0002322070078718181,2010/01/19 08:00:00
ES51,Heating Tertiary,2010,442,0.0002031310068861416,2010/01/19 09:00:00
ES51,Heating Tertiary,2010,443,0.0001770410060016905,2010/01/19 10:00:00
ES51,Heating Tertiary,2010,444,0.0001568900053185715,2010/01/19 11:00:00
ES51,Heating Tertiary,2010,445,0.00014289600484417494,2010/01/19 12:00:00
ES51,Heating Tertiary,2010,446,0.00013243100448941136,2010/01/19 13:00:00
ES51,Heating Tertiary,2010,447,0.00012541000425139942,2010/01/19 14:00:00
ES51,Heating Tertiary,2010,448,0.00012229600414583484,2010/01/19 15:00:00
ES51,Heating Tertiary,2010,449,0.00012246500415156393,2010/01/19 16:00:00
ES51,Heating Tertiary,2010,450,0.00012371400419390502,2010/01/19 17:00:00
ES51,Heating Tertiary,2010,451,0.00012413400420814303,2010/01/19 18:00:00
ES51,Heating Tertiary,2010,452,0.00012481800423133063,2010/01/19 19:00:00
ES51,Heating Tertiary,2010,453,0.00012787700433503074,2010/01/19 20:00:00
ES51,Heating Tertiary,2010,454,0.00013673900463545256,2010/01/19 21:00:00
ES51,Heating Tertiary,2010,455,0.00015391100521758343,2010/01/19 22:00:00
ES51,Heating Tertiary,2010,456,0.00017906700607037192,2010/01/19 23:00:00
ES51,Heating Tertiary,2010,457,0.0002084450070662862,2010/01/20 00:00:00
ES51,Heating Tertiary,2010,458,0.0002361130080042315,2010/01/20 01:00:00
ES51,Heating Tertiary,2010,459,0.0002572830087218946,2010/01/20 02:00:00
ES51,Heating Tertiary,2010,460,0.0002700150091535094,2010/01/20 03:00:00
ES51,Heating Tertiary,2010,461,0.00027661600937728333,2010/01/20 04:00:00
ES51,Heating Tertiary,2010,462,0.00027906500946030445,2010/01/20 05:00:00
ES51,Heating Tertiary,2010,463,0.0002739050092853804,2010/01/20 06:00:00
ES51,Heating Tertiary,2010,464,0.0002576600087346749,2010/01/20 07:00:00
ES51,Heating Tertiary,2010,465,0.0002322070078718181,2010/01/20 08:00:00
ES51,Heating Tertiary,2010,466,0.0002031310068861416,2010/01/20 09:00:00
ES51,Heating Tertiary,2010,467,0.0001770410060016905,2010/01/20 10:00:00
ES51,Heating Tertiary,2010,468,0.0001568900053185715,2010/01/20 11:00:00
ES51,Heating Tertiary,2010,469,0.00014289600484417494,2010/01/20 12:00:00
ES51,Heating Tertiary,2010,470,0.00013243100448941136,2010/01/20 13:00:00
ES51,Heating Tertiary,2010,471,0.00012541000425139942,2010/01/20 14:00:00
ES51,Heating Tertiary,2010,472,0.00012229600414583484,2010/01/20 15:00:00
ES51,Heating Tertiary,2010,473,0.00012246500415156393,2010/01/20 16:00:00
ES51,Heating Tertiary,2010,474,0.00012371400419390502,2010/01/20 17:00:00
ES51,Heating Tertiary,2010,475,0.00012413400420814303,2010/01/20 18:00:00
ES51,Heating Tertiary,2010,476,0.00012481800423133063,2010/01/20 19:00:00
ES51,Heating Tertiary,2010,477,0.00012787700433503074,2010/01/20 20:00:00
ES51,Heating Tertiary,2010,478,0.00013673900463545256,2010/01/20 21:00:00
ES51,Heating Tertiary,2010,479,0.00015391100521758343,2010/01/20 22:00:00
ES51,Heating Tertiary,2010,480,0.00017906700607037192,2010/01/20 23:00:00
ES51,Heating Tertiary,2010,481,0.0002084450070662862,2010/01/21 00:00:00
ES51,Heating Tertiary,2010,482,0.0002361130080042315,2010/01/21 01:00:00
ES51,Heating Tertiary,2010,483,0.0002572830087218946,2010/01/21 02:00:00
ES51,Heating Tertiary,2010,484,0.0002700150091535094,2010/01/21 03:00:00
ES51,Heating Tertiary,2010,485,0.00027661600937728333,2010/01/21 04:00:00
ES51,Heating Tertiary,2010,486,0.00027906500946030445,2010/01/21 05:00:00
ES51,Heating Tertiary,2010,487,0.0002739050092853804,2010/01/21 06:00:00
ES51,Heating Tertiary,2010,488,0.0002576600087346749,2010/01/21 07:00:00
ES51,Heating Tertiary,2010,489,0.0002322070078718181,2010/01/21 08:00:00
ES51,Heating Tertiary,2010,490,0.0002031310068861416,2010/01/21 09:00:00
ES51,Heating Tertiary,2010,491,0.0001770410060016905,2010/01/21 10:00:00
ES51,Heating Tertiary,2010,492,0.0001568900053185715,2010/01/21 11:00:00
ES51,Heating Tertiary,2010,493,0.00014289600484417494,2010/01/21 12:00:00
ES51,Heating Tertiary,2010,494,0.00013243100448941136,2010/01/21 13:00:00
ES51,Heating Tertiary,2010,495,0.00012541000425139942,2010/01/21 14:00:00
ES51,Heating Tertiary,2010,496,0.00012229600414583484,2010/01/21 15:00:00
ES51,Heating Tertiary,2010,497,0.00012246500415156393,2010/01/21 16:00:00
ES51,Heating Tertiary,2010,498,0.00012371400419390502,2010/01/21 17:00:00
ES51,Heating Tertiary,2010,499,0.00012413400420814303,2010/01/21 18:00:00
ES51,Heating Tertiary,2010,500,0.00012481800423133063,2010/01/21 19:00:00
ES51,Heating Tertiary,2010,501,0.00012787700433503074,2010/01/21 20:00:00
ES51,Heating Tertiary,2010,502,0.00013673900463545256,2010/01/21 21:00:00
ES51,Heating Tertiary,2010,503,0.00015391100521758343,2010/01/21 22:00:00
ES51,Heating Tertiary,2010,504,0.00017906700607037192,2010/01/21 23:00:00
ES51,Heating Tertiary,2010,505,0.0002291500077681858,2010/01/22 00:00:00
ES51,Heating Tertiary,2010,506,0.00025956500879925436,2010/01/22 01:00:00
ES51,Heating Tertiary,2010,507,0.0002828390095882431,2010/01/22 02:00:00
ES51,Heating Tertiary,2010,508,0.0002968360100627414,2010/01/22 03:00:00
ES51,Heating Tertiary,2010,509,0.00030409101030868597,2010/01/22 04:00:00
ES51,Heating Tertiary,2010,510,0.00030678501040001257,2010/01/22 05:00:00
ES51,Heating Tertiary,2010,511,0.00030111101020766394,2010/01/22 06:00:00
ES51,Heating Tertiary,2010,512,0.00028325200960224376,2010/01/22 07:00:00
ES51,Heating Tertiary,2010,513,0.00025527200865372164,2010/01/22 08:00:00
ES51,Heating Tertiary,2010,514,0.00022330800757014194,2010/01/22 09:00:00
ES51,Heating Tertiary,2010,515,0.00019462600659782208,2010/01/22 10:00:00
ES51,Heating Tertiary,2010,516,0.00017247400584686923,2010/01/22 11:00:00
ES51,Heating Tertiary,2010,517,0.00015708900532531762,2010/01/22 12:00:00
ES51,Heating Tertiary,2010,518,0.000145585004935332,2010/01/22 13:00:00
ES51,Heating Tertiary,2010,519,0.0001378660046736579,2010/01/22 14:00:00
ES51,Heating Tertiary,2010,520,0.00013444400455765206,2010/01/22 15:00:00
ES51,Heating Tertiary,2010,521,0.00013463000456395745,2010/01/22 16:00:00
ES51,Heating Tertiary,2010,522,0.00013600200461046826,2010/01/22 17:00:00
ES51,Heating Tertiary,2010,523,0.00013646300462609616,2010/01/22 18:00:00
ES51,Heating Tertiary,2010,524,0.00013721500465158898,2010/01/22 19:00:00
ES51,Heating Tertiary,2010,525,0.0001405780047655947,2010/01/22 20:00:00
ES51,Heating Tertiary,2010,526,0.0001503200050958485,2010/01/22 21:00:00
ES51,Heating Tertiary,2010,527,0.00016920000573588057,2010/01/22 22:00:00
ES51,Heating Tertiary,2010,528,0.0001968540066733513,2010/01/22 23:00:00
ES51,Heating Tertiary,2010,529,0.0002401640081415604,2010/01/23 00:00:00
ES51,Heating Tertiary,2010,530,0.0002734670092705322,2010/01/23 01:00:00
ES51,Heating Tertiary,2010,531,0.00029780701009565834,2010/01/23 02:00:00
ES51,Heating Tertiary,2010,532,0.00031175501056849555,2010/01/23 03:00:00
ES51,Heating Tertiary,2010,533,0.0003201890108544082,2010/01/23 04:00:00
ES51,Heating Tertiary,2010,534,0.000324611011004314,2010/01/23 05:00:00
ES51,Heating Tertiary,2010,535,0.0003199980108479333,2010/01/23 06:00:00
ES51,Heating Tertiary,2010,536,0.00030267201026058186,2010/01/23 07:00:00
ES51,Heating Tertiary,2010,537,0.00027467000931131395,2010/01/23 08:00:00
ES51,Heating Tertiary,2010,538,0.00024169700819352913,2010/01/23 09:00:00
ES51,Heating Tertiary,2010,539,0.0002100230071197804,2010/01/23 10:00:00
ES51,Heating Tertiary,2010,540,0.00018466000625997462,2010/01/23 11:00:00
ES51,Heating Tertiary,2010,541,0.00016652500564519806,2010/01/23 12:00:00
ES51,Heating Tertiary,2010,542,0.00015321400519395512,2010/01/23 13:00:00
ES51,Heating Tertiary,2010,543,0.0001438380048761087,2010/01/23 14:00:00
ES51,Heating Tertiary,2010,544,0.0001397110047362034,2010/01/23 15:00:00
ES51,Heating Tertiary,2010,545,0.00014024400475427207,2010/01/23 16:00:00
ES51,Heating Tertiary,2010,546,0.00014212400481800408,2010/01/23 17:00:00
ES51,Heating Tertiary,2010,547,0.0001427170048381068,2010/01/23 18:00:00
ES51,Heating Tertiary,2010,548,0.0001425920048338693,2010/01/23 19:00:00
ES51,Heating Tertiary,2010,549,0.0001443990048951266,2010/01/23 20:00:00
ES51,Heating Tertiary,2010,550,0.00015289000518297152,2010/01/23 21:00:00
ES51,Heating Tertiary,2010,551,0.0001726150058516491,2010/01/23 22:00:00
ES51,Heating Tertiary,2010,552,0.00020330200689193848,2010/01/23 23:00:00
ES51,Heating Tertiary,2010,553,0.0002601220088181367,2010/01/24 00:00:00
ES51,Heating Tertiary,2010,554,0.0002996570101583733,2010/01/24 01:00:00
ES51,Heating Tertiary,2010,555,0.0003315780112404954,2010/01/24 02:00:00
ES51,Heating Tertiary,2010,556,0.0003512370119069355,2010/01/24 03:00:00
ES51,Heating Tertiary,2010,557,0.00036017901221006946,2010/01/24 04:00:00
ES51,Heating Tertiary,2010,558,0.00036324401231397285,2010/01/24 05:00:00
ES51,Heating Tertiary,2010,559,0.0003567100120924702,2010/01/24 06:00:00
ES51,Heating Tertiary,2010,560,0.00033752101144196307,2010/01/24 07:00:00
ES51,Heating Tertiary,2010,561,0.00030709201041041983,2010/01/24 08:00:00
ES51,Heating Tertiary,2010,562,0.00027118700919324024,2010/01/24 09:00:00
ES51,Heating Tertiary,2010,563,0.000237508008051522,2010/01/24 10:00:00
ES51,Heating Tertiary,2010,564,0.00021155600717174912,2010/01/24 11:00:00
ES51,Heating Tertiary,2010,565,0.00019363900656436278,2010/01/24 12:00:00
ES51,Heating Tertiary,2010,566,0.00017983000609623763,2010/01/24 13:00:00
ES51,Heating Tertiary,2010,567,0.00016919300573564323,2010/01/24 14:00:00
ES51,Heating Tertiary,2010,568,0.00016332000553654854,2010/01/24 15:00:00
ES51,Heating Tertiary,2010,569,0.00016070400544786616,2010/01/24 16:00:00
ES51,Heating Tertiary,2010,570,0.00015944600540521994,2010/01/24 17:00:00
ES51,Heating Tertiary,2010,571,0.00015743000533687755,2010/01/24 18:00:00
ES51,Heating Tertiary,2010,572,0.00015673400531328313,2010/01/24 19:00:00
ES51,Heating Tertiary,2010,573,0.00015954500540857602,2010/01/24 20:00:00
ES51,Heating Tertiary,2010,574,0.00016966400575161021,2010/01/24 21:00:00
ES51,Heating Tertiary,2010,575,0.00019046100645662856,2010/01/24 22:00:00
ES51,Heating Tertiary,2010,576,0.00022149500750868125,2010/01/24 23:00:00
ES51,Heating Tertiary,2010,577,0.0002084450070662862,2010/01/25 00:00:00
ES51,Heating Tertiary,2010,578,0.0002361130080042315,2010/01/25 01:00:00
ES51,Heating Tertiary,2010,579,0.0002572830087218946,2010/01/25 02:00:00
ES51,Heating Tertiary,2010,580,0.0002700150091535094,2010/01/25 03:00:00
ES51,Heating Tertiary,2010,581,0.00027661600937728333,2010/01/25 04:00:00
ES51,Heating Tertiary,2010,582,0.00027906500946030445,2010/01/25 05:00:00
ES51,Heating Tertiary,2010,583,0.0002739050092853804,2010/01/25 06:00:00
ES51,Heating Tertiary,2010,584,0.0002576600087346749,2010/01/25 07:00:00
ES51,Heating Tertiary,2010,585,0.0002322070078718181,2010/01/25 08:00:00
ES51,Heating Tertiary,2010,586,0.0002031310068861416,2010/01/25 09:00:00
ES51,Heating Tertiary,2010,587,0.0001770410060016905,2010/01/25 10:00:00
ES51,Heating Tertiary,2010,588,0.0001568900053185715,2010/01/25 11:00:00
ES51,Heating Tertiary,2010,589,0.00014289600484417494,2010/01/25 12:00:00
ES51,Heating Tertiary,2010,590,0.00013243100448941136,2010/01/25 13:00:00
ES51,Heating Tertiary,2010,591,0.00012541000425139942,2010/01/25 14:00:00
ES51,Heating Tertiary,2010,592,0.00012229600414583484,2010/01/25 15:00:00
ES51,Heating Tertiary,2010,593,0.00012246500415156393,2010/01/25 16:00:00
ES51,Heating Tertiary,2010,594,0.00012371400419390502,2010/01/25 17:00:00
ES51,Heating Tertiary,2010,595,0.00012413400420814303,2010/01/25 18:00:00
ES51,Heating Tertiary,2010,596,0.00012481800423133063,2010/01/25 19:00:00
ES51,Heating Tertiary,2010,597,0.00012787700433503074,2010/01/25 20:00:00
ES51,Heating Tertiary,2010,598,0.00013673900463545256,2010/01/25 21:00:00
ES51,Heating Tertiary,2010,599,0.00015391100521758343,2010/01/25 22:00:00
ES51,Heating Tertiary,2010,600,0.00017906700607037192,2010/01/25 23:00:00
ES51,Heating Tertiary,2010,601,0.00025094400850700246,2010/01/26 00:00:00
ES51,Heating Tertiary,2010,602,0.0002842520096361438,2010/01/26 01:00:00
ES51,Heating Tertiary,2010,603,0.00030974001050018706,2010/01/26 02:00:00
ES51,Heating Tertiary,2010,604,0.0003250670110197724,2010/01/26 03:00:00
ES51,Heating Tertiary,2010,605,0.00033301301128914194,2010/01/26 04:00:00
ES51,Heating Tertiary,2010,606,0.0003359630113891469,2010/01/26 05:00:00
ES51,Heating Tertiary,2010,607,0.0003297500111785261,2010/01/26 06:00:00
ES51,Heating Tertiary,2010,608,0.00031019301051554373,2010/01/26 07:00:00
ES51,Heating Tertiary,2010,609,0.00027955100947677983,2010/01/26 08:00:00
ES51,Heating Tertiary,2010,610,0.00024454600829011024,2010/01/26 09:00:00
ES51,Heating Tertiary,2010,611,0.000213137007225345,2010/01/26 10:00:00
ES51,Heating Tertiary,2010,612,0.00018887800640296482,2010/01/26 11:00:00
ES51,Heating Tertiary,2010,613,0.00017203100583185145,2010/01/26 12:00:00
ES51,Heating Tertiary,2010,614,0.00015943200540474538,2010/01/26 13:00:00
ES51,Heating Tertiary,2010,615,0.00015097800511815467,2010/01/26 14:00:00
ES51,Heating Tertiary,2010,616,0.0001472300049910975,2010/01/26 15:00:00
ES51,Heating Tertiary,2010,617,0.000147435004998047,2010/01/26 16:00:00
ES51,Heating Tertiary,2010,618,0.0001489380050489987,2010/01/26 17:00:00
ES51,Heating Tertiary,2010,619,0.0001494410050660504,2010/01/26 18:00:00
ES51,Heating Tertiary,2010,620,0.0001502660050940179,2010/01/26 19:00:00
ES51,Heating Tertiary,2010,621,0.00015394800521883767,2010/01/26 20:00:00
ES51,Heating Tertiary,2010,622,0.0001646170055805169,2010/01/26 21:00:00
ES51,Heating Tertiary,2010,623,0.00018529200628139943,2010/01/26 22:00:00
ES51,Heating Tertiary,2010,624,0.00021557700730806103,2010/01/26 23:00:00
ES51,Heating Tertiary,2010,625,0.0002967120100585378,2010/01/27 00:00:00
ES51,Heating Tertiary,2010,626,0.00033609401139358773,2010/01/27 01:00:00
ES51,Heating Tertiary,2010,627,0.00036623001241519826,2010/01/27 02:00:00
ES51,Heating Tertiary,2010,628,0.00038435401302960187,2010/01/27 03:00:00
ES51,Heating Tertiary,2010,629,0.0003937490133480925,2010/01/27 04:00:00
ES51,Heating Tertiary,2010,630,0.0003972370134663357,2010/01/27 05:00:00
ES51,Heating Tertiary,2010,631,0.0003898900132172723,2010/01/27 06:00:00
ES51,Heating Tertiary,2010,632,0.00036676501243333476,2010/01/27 07:00:00
ES51,Heating Tertiary,2010,633,0.00033053601120517154,2010/01/27 08:00:00
ES51,Heating Tertiary,2010,634,0.0002891460098020504,2010/01/27 09:00:00
ES51,Heating Tertiary,2010,635,0.0002520090085431059,2010/01/27 10:00:00
ES51,Heating Tertiary,2010,636,0.00022332600757075214,2010/01/27 11:00:00
ES51,Heating Tertiary,2010,637,0.0002034060068954641,2010/01/27 12:00:00
ES51,Heating Tertiary,2010,638,0.00018850900639045572,2010/01/27 13:00:00
ES51,Heating Tertiary,2010,639,0.00017851400605162522,2010/01/27 14:00:00
ES51,Heating Tertiary,2010,640,0.0001740830059014143,2010/01/27 15:00:00
ES51,Heating Tertiary,2010,641,0.00017432400590958422,2010/01/27 16:00:00
ES51,Heating Tertiary,2010,642,0.0001761010059698245,2010/01/27 17:00:00
ES51,Heating Tertiary,2010,643,0.00017669800599006276,2010/01/27 18:00:00
ES51,Heating Tertiary,2010,644,0.0001776720060230814,2010/01/27 19:00:00
ES51,Heating Tertiary,2010,645,0.00018202500617064813,2010/01/27 20:00:00
ES51,Heating Tertiary,2010,646,0.00019464100659833056,2010/01/27 21:00:00
ES51,Heating Tertiary,2010,647,0.00021908600742701615,2010/01/27 22:00:00
ES51,Heating Tertiary,2010,648,0.00025489300864087357,2010/01/27 23:00:00
ES51,Heating Tertiary,2010,649,0.00032161901090288524,2010/01/28 00:00:00
ES51,Heating Tertiary,2010,650,0.00036430801235004247,2010/01/28 01:00:00
ES51,Heating Tertiary,2010,651,0.00039697301345738604,2010/01/28 02:00:00
ES51,Heating Tertiary,2010,652,0.0004166180141233517,2010/01/28 03:00:00
ES51,Heating Tertiary,2010,653,0.00042680201446858925,2010/01/28 04:00:00
ES51,Heating Tertiary,2010,654,0.00043058201459673126,2010/01/28 05:00:00
ES51,Heating Tertiary,2010,655,0.0004226200143268194,2010/01/28 06:00:00
ES51,Heating Tertiary,2010,656,0.0003975540134770819,2010/01/28 07:00:00
ES51,Heating Tertiary,2010,657,0.00035828301214579493,2010/01/28 08:00:00
ES51,Heating Tertiary,2010,658,0.00031341901062490525,2010/01/28 09:00:00
ES51,Heating Tertiary,2010,659,0.0002731650092602944,2010/01/28 10:00:00
ES51,Heating Tertiary,2010,660,0.00024207300820627554,2010/01/28 11:00:00
ES51,Heating Tertiary,2010,661,0.00022048100747430665,2010/01/28 12:00:00
ES51,Heating Tertiary,2010,662,0.0002043340069269233,2010/01/28 13:00:00
ES51,Heating Tertiary,2010,663,0.00019350000655965065,2010/01/28 14:00:00
ES51,Heating Tertiary,2010,664,0.00018869700639682893,2010/01/28 15:00:00
ES51,Heating Tertiary,2010,665,0.00018895800640567685,2010/01/28 16:00:00
ES51,Heating Tertiary,2010,666,0.00019088400647096824,2010/01/28 17:00:00
ES51,Heating Tertiary,2010,667,0.00019153100649290156,2010/01/28 18:00:00
ES51,Heating Tertiary,2010,668,0.00019258700652869995,2010/01/28 19:00:00
ES51,Heating Tertiary,2010,669,0.00019730500668864017,2010/01/28 20:00:00
ES51,Heating Tertiary,2010,670,0.0002109800071522227,2010/01/28 21:00:00
ES51,Heating Tertiary,2010,671,0.00023747700805047111,2010/01/28 22:00:00
ES51,Heating Tertiary,2010,672,0.00027629000936623196,2010/01/28 23:00:00
ES51,Heating Tertiary,2010,673,0.00032161901090288524,2010/01/29 00:00:00
ES51,Heating Tertiary,2010,674,0.00036430801235004247,2010/01/29 01:00:00
ES51,Heating Tertiary,2010,675,0.00039697301345738604,2010/01/29 02:00:00
ES51,Heating Tertiary,2010,676,0.0004166180141233517,2010/01/29 03:00:00
ES51,Heating Tertiary,2010,677,0.00042680201446858925,2010/01/29 04:00:00
ES51,Heating Tertiary,2010,678,0.00043058201459673126,2010/01/29 05:00:00
ES51,Heating Tertiary,2010,679,0.0004226200143268194,2010/01/29 06:00:00
ES51,Heating Tertiary,2010,680,0.0003975540134770819,2010/01/29 07:00:00
ES51,Heating Tertiary,2010,681,0.00035828301214579493,2010/01/29 08:00:00
ES51,Heating Tertiary,2010,682,0.00031341901062490525,2010/01/29 09:00:00
ES51,Heating Tertiary,2010,683,0.0002731650092602944,2010/01/29 10:00:00
ES51,Heating Tertiary,2010,684,0.00024207300820627554,2010/01/29 11:00:00
ES51,Heating Tertiary,2010,685,0.00022048100747430665,2010/01/29 12:00:00
ES51,Heating Tertiary,2010,686,0.0002043340069269233,2010/01/29 13:00:00
ES51,Heating Tertiary,2010,687,0.00019350000655965065,2010/01/29 14:00:00
ES51,Heating Tertiary,2010,688,0.00018869700639682893,2010/01/29 15:00:00
ES51,Heating Tertiary,2010,689,0.00018895800640567685,2010/01/29 16:00:00
ES51,Heating Tertiary,2010,690,0.00019088400647096824,2010/01/29 17:00:00
ES51,Heating Tertiary,2010,691,0.00019153100649290156,2010/01/29 18:00:00
ES51,Heating Tertiary,2010,692,0.00019258700652869995,2010/01/29 19:00:00
ES51,Heating Tertiary,2010,693,0.00019730500668864017,2010/01/29 20:00:00
ES51,Heating Tertiary,2010,694,0.0002109800071522227,2010/01/29 21:00:00
ES51,Heating Tertiary,2010,695,0.00023747700805047111,2010/01/29 22:00:00
ES51,Heating Tertiary,2010,696,0.00027629000936623196,2010/01/29 23:00:00
ES51,Heating Tertiary,2010,697,0.00028617400970129965,2010/01/30 00:00:00
ES51,Heating Tertiary,2010,698,0.0003258570110465534,2010/01/30 01:00:00
ES51,Heating Tertiary,2010,699,0.0003548600120297552,2010/01/30 02:00:00
ES51,Heating Tertiary,2010,700,0.00037147901259313934,2010/01/30 03:00:00
ES51,Heating Tertiary,2010,701,0.00038153001293386827,2010/01/30 04:00:00
ES51,Heating Tertiary,2010,702,0.0003867980131124535,2010/01/30 05:00:00
ES51,Heating Tertiary,2010,703,0.00038130201292613914,2010/01/30 06:00:00
ES51,Heating Tertiary,2010,704,0.0003606570122262735,2010/01/30 07:00:00
ES51,Heating Tertiary,2010,705,0.00032729001109513213,2010/01/30 08:00:00
ES51,Heating Tertiary,2010,706,0.00028800100976323484,2010/01/30 09:00:00
ES51,Heating Tertiary,2010,707,0.00025025800848374707,2010/01/30 10:00:00
ES51,Heating Tertiary,2010,708,0.00022003600745922115,2010/01/30 11:00:00
ES51,Heating Tertiary,2010,709,0.00019842700672667595,2010/01/30 12:00:00
ES51,Heating Tertiary,2010,710,0.00018256600618898802,2010/01/30 13:00:00
ES51,Heating Tertiary,2010,711,0.00017139300581022328,2010/01/30 14:00:00
ES51,Heating Tertiary,2010,712,0.00016647700564357087,2010/01/30 15:00:00
ES51,Heating Tertiary,2010,713,0.00016711200566509737,2010/01/30 16:00:00
ES51,Heating Tertiary,2010,714,0.00016935100574099948,2010/01/30 17:00:00
ES51,Heating Tertiary,2010,715,0.0001700590057650007,2010/01/30 18:00:00
ES51,Heating Tertiary,2010,716,0.00016990900575991573,2010/01/30 19:00:00
ES51,Heating Tertiary,2010,717,0.0001720620058329024,2010/01/30 20:00:00
ES51,Heating Tertiary,2010,718,0.00018218000617590264,2010/01/30 21:00:00
ES51,Heating Tertiary,2010,719,0.00020568400697268833,2010/01/30 22:00:00
ES51,Heating Tertiary,2010,720,0.00024225000821227584,2010/01/30 23:00:00
ES51,Heating Tertiary,2010,721,0.0002601220088181367,2010/01/31 00:00:00
ES51,Heating Tertiary,2010,722,0.0002996570101583733,2010/01/31 01:00:00
ES51,Heating Tertiary,2010,723,0.0003315780112404954,2010/01/31 02:00:00
ES51,Heating Tertiary,2010,724,0.0003512370119069355,2010/01/31 03:00:00
ES51,Heating Tertiary,2010,725,0.00036017901221006946,2010/01/31 04:00:00
ES51,Heating Tertiary,2010,726,0.00036324401231397285,2010/01/31 05:00:00
ES51,Heating Tertiary,2010,727,0.0003567100120924702,2010/01/31 06:00:00
ES51,Heating Tertiary,2010,728,0.00033752101144196307,2010/01/31 07:00:00
ES51,Heating Tertiary,2010,729,0.00030709201041041983,2010/01/31 08:00:00
ES51,Heating Tertiary,2010,730,0.00027118700919324024,2010/01/31 09:00:00
ES51,Heating Tertiary,2010,731,0.000237508008051522,2010/01/31 10:00:00
ES51,Heating Tertiary,2010,732,0.00021155600717174912,2010/01/31 11:00:00
ES51,Heating Tertiary,2010,733,0.00019363900656436278,2010/01/31 12:00:00
ES51,Heating Tertiary,2010,734,0.00017983000609623763,2010/01/31 13:00:00
ES51,Heating Tertiary,2010,735,0.00016919300573564323,2010/01/31 14:00:00
ES51,Heating Tertiary,2010,736,0.00016332000553654854,2010/01/31 15:00:00
ES51,Heating Tertiary,2010,737,0.00016070400544786616,2010/01/31 16:00:00
ES51,Heating Tertiary,2010,738,0.00015944600540521994,2010/01/31 17:00:00
ES51,Heating Tertiary,2010,739,0.00015743000533687755,2010/01/31 18:00:00
ES51,Heating Tertiary,2010,740,0.00015673400531328313,2010/01/31 19:00:00
ES51,Heating Tertiary,2010,741,0.00015954500540857602,2010/01/31 20:00:00
ES51,Heating Tertiary,2010,742,0.00016966400575161021,2010/01/31 21:00:00
ES51,Heating Tertiary,2010,743,0.00019046100645662856,2010/01/31 22:00:00
ES51,Heating Tertiary,2010,744,0.00022149500750868125,2010/01/31 23:00:00
ES51,Heating Tertiary,2010,745,0.0002967120100585378,2010/02/01 00:00:00
ES51,Heating Tertiary,2010,746,0.00033609401139358773,2010/02/01 01:00:00
ES51,Heating Tertiary,2010,747,0.00036623001241519826,2010/02/01 02:00:00
ES51,Heating Tertiary,2010,748,0.00038435401302960187,2010/02/01 03:00:00
ES51,Heating Tertiary,2010,749,0.0003937490133480925,2010/02/01 04:00:00
ES51,Heating Tertiary,2010,750,0.0003972370134663357,2010/02/01 05:00:00
ES51,Heating Tertiary,2010,751,0.0003898900132172723,2010/02/01 06:00:00
ES51,Heating Tertiary,2010,752,0.00036676501243333476,2010/02/01 07:00:00
ES51,Heating Tertiary,2010,753,0.00033053601120517154,2010/02/01 08:00:00
ES51,Heating Tertiary,2010,754,0.0002891460098020504,2010/02/01 09:00:00
ES51,Heating Tertiary,2010,755,0.0002520090085431059,2010/02/01 10:00:00
ES51,Heating Tertiary,2010,756,0.00022332600757075214,2010/02/01 11:00:00
ES51,Heating Tertiary,2010,757,0.0002034060068954641,2010/02/01 12:00:00
ES51,Heating Tertiary,2010,758,0.00018850900639045572,2010/02/01 13:00:00
ES51,Heating Tertiary,2010,759,0.00017851400605162522,2010/02/01 14:00:00
ES51,Heating Tertiary,2010,760,0.0001740830059014143,2010/02/01 15:00:00
ES51,Heating Tertiary,2010,761,0.00017432400590958422,2010/02/01 16:00:00
ES51,Heating Tertiary,2010,762,0.0001761010059698245,2010/02/01 17:00:00
ES51,Heating Tertiary,2010,763,0.00017669800599006276,2010/02/01 18:00:00
ES51,Heating Tertiary,2010,764,0.0001776720060230814,2010/02/01 19:00:00
ES51,Heating Tertiary,2010,765,0.00018202500617064813,2010/02/01 20:00:00
ES51,Heating Tertiary,2010,766,0.00019464100659833056,2010/02/01 21:00:00
ES51,Heating Tertiary,2010,767,0.00021908600742701615,2010/02/01 22:00:00
ES51,Heating Tertiary,2010,768,0.00025489300864087357,2010/02/01 23:00:00
ES51,Heating Tertiary,2010,769,0.0002967120100585378,2010/02/02 00:00:00
ES51,Heating Tertiary,2010,770,0.00033609401139358773,2010/02/02 01:00:00
ES51,Heating Tertiary,2010,771,0.00036623001241519826,2010/02/02 02:00:00
ES51,Heating Tertiary,2010,772,0.00038435401302960187,2010/02/02 03:00:00
ES51,Heating Tertiary,2010,773,0.0003937490133480925,2010/02/02 04:00:00
ES51,Heating Tertiary,2010,774,0.0003972370134663357,2010/02/02 05:00:00
ES51,Heating Tertiary,2010,775,0.0003898900132172723,2010/02/02 06:00:00
ES51,Heating Tertiary,2010,776,0.00036676501243333476,2010/02/02 07:00:00
ES51,Heating Tertiary,2010,777,0.00033053601120517154,2010/02/02 08:00:00
ES51,Heating Tertiary,2010,778,0.0002891460098020504,2010/02/02 09:00:00
ES51,Heating Tertiary,2010,779,0.0002520090085431059,2010/02/02 10:00:00
ES51,Heating Tertiary,2010,780,0.00022332600757075214,2010/02/02 11:00:00
ES51,Heating Tertiary,2010,781,0.0002034060068954641,2010/02/02 12:00:00
ES51,Heating Tertiary,2010,782,0.00018850900639045572,2010/02/02 13:00:00
ES51,Heating Tertiary,2010,783,0.00017851400605162522,2010/02/02 14:00:00
ES51,Heating Tertiary,2010,784,0.0001740830059014143,2010/02/02 15:00:00
ES51,Heating Tertiary,2010,785,0.00017432400590958422,2010/02/02 16:00:00
ES51,Heating Tertiary,2010,786,0.0001761010059698245,2010/02/02 17:00:00
ES51,Heating Tertiary,2010,787,0.00017669800599006276,2010/02/02 18:00:00
ES51,Heating Tertiary,2010,788,0.0001776720060230814,2010/02/02 19:00:00
ES51,Heating Tertiary,2010,789,0.00018202500617064813,2010/02/02 20:00:00
ES51,Heating Tertiary,2010,790,0.00019464100659833056,2010/02/02 21:00:00
ES51,Heating Tertiary,2010,791,0.00021908600742701615,2010/02/02 22:00:00
ES51,Heating Tertiary,2010,792,0.00025489300864087357,2010/02/02 23:00:00
ES51,Heating Tertiary,2010,793,0.0002967120100585378,2010/02/03 00:00:00
ES51,Heating Tertiary,2010,794,0.00033609401139358773,2010/02/03 01:00:00
ES51,Heating Tertiary,2010,795,0.00036623001241519826,2010/02/03 02:00:00
ES51,Heating Tertiary,2010,796,0.00038435401302960187,2010/02/03 03:00:00
ES51,Heating Tertiary,2010,797,0.0003937490133480925,2010/02/03 04:00:00
ES51,Heating Tertiary,2010,798,0.0003972370134663357,2010/02/03 05:00:00
ES51,Heating Tertiary,2010,799,0.0003898900132172723,2010/02/03 06:00:00
ES51,Heating Tertiary,2010,800,0.00036676501243333476,2010/02/03 07:00:00
ES51,Heating Tertiary,2010,801,0.00033053601120517154,2010/02/03 08:00:00
ES51,Heating Tertiary,2010,802,0.0002891460098020504,2010/02/03 09:00:00
ES51,Heating Tertiary,2010,803,0.0002520090085431059,2010/02/03 10:00:00
ES51,Heating Tertiary,2010,804,0.00022332600757075214,2010/02/03 11:00:00
ES51,Heating Tertiary,2010,805,0.0002034060068954641,2010/02/03 12:00:00
ES51,Heating Tertiary,2010,806,0.00018850900639045572,2010/02/03 13:00:00
ES51,Heating Tertiary,2010,807,0.00017851400605162522,2010/02/03 14:00:00
ES51,Heating Tertiary,2010,808,0.0001740830059014143,2010/02/03 15:00:00
ES51,Heating Tertiary,2010,809,0.00017432400590958422,2010/02/03 16:00:00
ES51,Heating Tertiary,2010,810,0.0001761010059698245,2010/02/03 17:00:00
ES51,Heating Tertiary,2010,811,0.00017669800599006276,2010/02/03 18:00:00
ES51,Heating Tertiary,2010,812,0.0001776720060230814,2010/02/03 19:00:00
ES51,Heating Tertiary,2010,813,0.00018202500617064813,2010/02/03 20:00:00
ES51,Heating Tertiary,2010,814,0.00019464100659833056,2010/02/03 21:00:00
ES51,Heating Tertiary,2010,815,0.00021908600742701615,2010/02/03 22:00:00
ES51,Heating Tertiary,2010,816,0.00025489300864087357,2010/02/03 23:00:00
ES51,Heating Tertiary,2010,817,0.00027304900925636204,2010/02/04 00:00:00
ES51,Heating Tertiary,2010,818,0.0003092910104849659,2010/02/04 01:00:00
ES51,Heating Tertiary,2010,819,0.00033702401142511476,2010/02/04 02:00:00
ES51,Heating Tertiary,2010,820,0.000353702011990499,2010/02/04 03:00:00
ES51,Heating Tertiary,2010,821,0.0003623490122836323,2010/02/04 04:00:00
ES51,Heating Tertiary,2010,822,0.0003655580123924175,2010/02/04 05:00:00
ES51,Heating Tertiary,2010,823,0.00035879701216321954,2010/02/04 06:00:00
ES51,Heating Tertiary,2010,824,0.0003375160114417936,2010/02/04 07:00:00
ES51,Heating Tertiary,2010,825,0.00030417701031160133,2010/02/04 08:00:00
ES51,Heating Tertiary,2010,826,0.00026608800902038415,2010/02/04 09:00:00
ES51,Heating Tertiary,2010,827,0.0002319110078617837,2010/02/04 10:00:00
ES51,Heating Tertiary,2010,828,0.000205517006967027,2010/02/04 11:00:00
ES51,Heating Tertiary,2010,829,0.00018718500634557213,2010/02/04 12:00:00
ES51,Heating Tertiary,2010,830,0.00017347600588083699,2010/02/04 13:00:00
ES51,Heating Tertiary,2010,831,0.00016427800556902475,2010/02/04 14:00:00
ES51,Heating Tertiary,2010,832,0.0001601990054307466,2010/02/04 15:00:00
ES51,Heating Tertiary,2010,833,0.00016042200543830634,2010/02/04 16:00:00
ES51,Heating Tertiary,2010,834,0.0001620570054937329,2010/02/04 17:00:00
ES51,Heating Tertiary,2010,835,0.00016260600551234395,2010/02/04 18:00:00
ES51,Heating Tertiary,2010,836,0.00016350300554275225,2010/02/04 19:00:00
ES51,Heating Tertiary,2010,837,0.00016750900567855565,2010/02/04 20:00:00
ES51,Heating Tertiary,2010,838,0.0001791180060721008,2010/02/04 21:00:00
ES51,Heating Tertiary,2010,839,0.0002016140068347153,2010/02/04 22:00:00
ES51,Heating Tertiary,2010,840,0.0002345670079518221,2010/02/04 23:00:00
ES51,Heating Tertiary,2010,841,0.00025094400850700246,2010/02/05 00:00:00
ES51,Heating Tertiary,2010,842,0.0002842520096361438,2010/02/05 01:00:00
ES51,Heating Tertiary,2010,843,0.00030974001050018706,2010/02/05 02:00:00
ES51,Heating Tertiary,2010,844,0.0003250670110197724,2010/02/05 03:00:00
ES51,Heating Tertiary,2010,845,0.00033301301128914194,2010/02/05 04:00:00
ES51,Heating Tertiary,2010,846,0.0003359630113891469,2010/02/05 05:00:00
ES51,Heating Tertiary,2010,847,0.0003297500111785261,2010/02/05 06:00:00
ES51,Heating Tertiary,2010,848,0.00031019301051554373,2010/02/05 07:00:00
ES51,Heating Tertiary,2010,849,0.00027955100947677983,2010/02/05 08:00:00
ES51,Heating Tertiary,2010,850,0.00024454600829011024,2010/02/05 09:00:00
ES51,Heating Tertiary,2010,851,0.000213137007225345,2010/02/05 10:00:00
ES51,Heating Tertiary,2010,852,0.00018887800640296482,2010/02/05 11:00:00
ES51,Heating Tertiary,2010,853,0.00017203100583185145,2010/02/05 12:00:00
ES51,Heating Tertiary,2010,854,0.00015943200540474538,2010/02/05 13:00:00
ES51,Heating Tertiary,2010,855,0.00015097800511815467,2010/02/05 14:00:00
ES51,Heating Tertiary,2010,856,0.0001472300049910975,2010/02/05 15:00:00
ES51,Heating Tertiary,2010,857,0.000147435004998047,2010/02/05 16:00:00
ES51,Heating Tertiary,2010,858,0.0001489380050489987,2010/02/05 17:00:00
ES51,Heating Tertiary,2010,859,0.0001494410050660504,2010/02/05 18:00:00
ES51,Heating Tertiary,2010,860,0.0001502660050940179,2010/02/05 19:00:00
ES51,Heating Tertiary,2010,861,0.00015394800521883767,2010/02/05 20:00:00
ES51,Heating Tertiary,2010,862,0.0001646170055805169,2010/02/05 21:00:00
ES51,Heating Tertiary,2010,863,0.00018529200628139943,2010/02/05 22:00:00
ES51,Heating Tertiary,2010,864,0.00021557700730806103,2010/02/05 23:00:00
ES51,Heating Tertiary,2010,865,0.00019431700658734696,2010/02/06 00:00:00
ES51,Heating Tertiary,2010,866,0.00022126300750081645,2010/02/06 01:00:00
ES51,Heating Tertiary,2010,867,0.0002409570081684431,2010/02/06 02:00:00
ES51,Heating Tertiary,2010,868,0.00025224100855097075,2010/02/06 03:00:00
ES51,Heating Tertiary,2010,869,0.0002590670087823722,2010/02/06 04:00:00
ES51,Heating Tertiary,2010,870,0.0002626430089035986,2010/02/06 05:00:00
ES51,Heating Tertiary,2010,871,0.0002589110087770838,2010/02/06 06:00:00
ES51,Heating Tertiary,2010,872,0.00024489300830187355,2010/02/06 07:00:00
ES51,Heating Tertiary,2010,873,0.00022223600753380114,2010/02/06 08:00:00
ES51,Heating Tertiary,2010,874,0.00019555800662941685,2010/02/06 09:00:00
ES51,Heating Tertiary,2010,875,0.0001699300057606276,2010/02/06 10:00:00
ES51,Heating Tertiary,2010,876,0.0001494090050649656,2010/02/06 11:00:00
ES51,Heating Tertiary,2010,877,0.00013473500456751697,2010/02/06 12:00:00
ES51,Heating Tertiary,2010,878,0.0001239660042024478,2010/02/06 13:00:00
ES51,Heating Tertiary,2010,879,0.0001163800039452824,2010/02/06 14:00:00
ES51,Heating Tertiary,2010,880,0.00011304100383209028,2010/02/06 15:00:00
ES51,Heating Tertiary,2010,881,0.00011347200384670118,2010/02/06 16:00:00
ES51,Heating Tertiary,2010,882,0.00011499300389826309,2010/02/06 17:00:00
ES51,Heating Tertiary,2010,883,0.00011547300391453509,2010/02/06 18:00:00
ES51,Heating Tertiary,2010,884,0.00011537200391111119,2010/02/06 19:00:00
ES51,Heating Tertiary,2010,885,0.000116834003960673,2010/02/06 20:00:00
ES51,Heating Tertiary,2010,886,0.00012370300419353212,2010/02/06 21:00:00
ES51,Heating Tertiary,2010,887,0.00013966300473457617,2010/02/06 22:00:00
ES51,Heating Tertiary,2010,888,0.0001644920055762794,2010/02/06 23:00:00
ES51,Heating Tertiary,2010,889,0.00021606900732473982,2010/02/07 00:00:00
ES51,Heating Tertiary,2010,890,0.000248908008437982,2010/02/07 01:00:00
ES51,Heating Tertiary,2010,891,0.00027542300933684066,2010/02/07 02:00:00
ES51,Heating Tertiary,2010,892,0.0002917530098904277,2010/02/07 03:00:00
ES51,Heating Tertiary,2010,893,0.0002991810101422369,2010/02/07 04:00:00
ES51,Heating Tertiary,2010,894,0.0003017270102285464,2010/02/07 05:00:00
ES51,Heating Tertiary,2010,895,0.000296300010044571,2010/02/07 06:00:00
ES51,Heating Tertiary,2010,896,0.000280360009504205,2010/02/07 07:00:00
ES51,Heating Tertiary,2010,897,0.00025508400864734845,2010/02/07 08:00:00
ES51,Heating Tertiary,2010,898,0.00022526000763631475,2010/02/07 09:00:00
ES51,Heating Tertiary,2010,899,0.00019728600668799607,2010/02/07 10:00:00
ES51,Heating Tertiary,2010,900,0.00017572800595717976,2010/02/07 11:00:00
ES51,Heating Tertiary,2010,901,0.00016084600545267994,2010/02/07 12:00:00
ES51,Heating Tertiary,2010,902,0.00014937500506381302,2010/02/07 13:00:00
ES51,Heating Tertiary,2010,903,0.00014054000476430647,2010/02/07 14:00:00
ES51,Heating Tertiary,2010,904,0.00013566100459890836,2010/02/07 15:00:00
ES51,Heating Tertiary,2010,905,0.00013348900452527757,2010/02/07 16:00:00
ES51,Heating Tertiary,2010,906,0.00013244200448978425,2010/02/07 17:00:00
ES51,Heating Tertiary,2010,907,0.00013076800443303564,2010/02/07 18:00:00
ES51,Heating Tertiary,2010,908,0.00013019100441347535,2010/02/07 19:00:00
ES51,Heating Tertiary,2010,909,0.00013252600449263185,2010/02/07 20:00:00
ES51,Heating Tertiary,2010,910,0.00014093100477756139,2010/02/07 21:00:00
ES51,Heating Tertiary,2010,911,0.00015820600536318397,2010/02/07 22:00:00
ES51,Heating Tertiary,2010,912,0.00018398400623705823,2010/02/07 23:00:00
ES51,Heating Tertiary,2010,913,0.0002084450070662862,2010/02/08 00:00:00
ES51,Heating Tertiary,2010,914,0.0002361130080042315,2010/02/08 01:00:00
ES51,Heating Tertiary,2010,915,0.0002572830087218946,2010/02/08 02:00:00
ES51,Heating Tertiary,2010,916,0.0002700150091535094,2010/02/08 03:00:00
ES51,Heating Tertiary,2010,917,0.00027661600937728333,2010/02/08 04:00:00
ES51,Heating Tertiary,2010,918,0.00027906500946030445,2010/02/08 05:00:00
ES51,Heating Tertiary,2010,919,0.0002739050092853804,2010/02/08 06:00:00
ES51,Heating Tertiary,2010,920,0.0002576600087346749,2010/02/08 07:00:00
ES51,Heating Tertiary,2010,921,0.0002322070078718181,2010/02/08 08:00:00
ES51,Heating Tertiary,2010,922,0.0002031310068861416,2010/02/08 09:00:00
ES51,Heating Tertiary,2010,923,0.0001770410060016905,2010/02/08 10:00:00
ES51,Heating Tertiary,2010,924,0.0001568900053185715,2010/02/08 11:00:00
ES51,Heating Tertiary,2010,925,0.00014289600484417494,2010/02/08 12:00:00
ES51,Heating Tertiary,2010,926,0.00013243100448941136,2010/02/08 13:00:00
ES51,Heating Tertiary,2010,927,0.00012541000425139942,2010/02/08 14:00:00
ES51,Heating Tertiary,2010,928,0.00012229600414583484,2010/02/08 15:00:00
ES51,Heating Tertiary,2010,929,0.00012246500415156393,2010/02/08 16:00:00
ES51,Heating Tertiary,2010,930,0.00012371400419390502,2010/02/08 17:00:00
ES51,Heating Tertiary,2010,931,0.00012413400420814303,2010/02/08 18:00:00
ES51,Heating Tertiary,2010,932,0.00012481800423133063,2010/02/08 19:00:00
ES51,Heating Tertiary,2010,933,0.00012787700433503074,2010/02/08 20:00:00
ES51,Heating Tertiary,2010,934,0.00013673900463545256,2010/02/08 21:00:00
ES51,Heating Tertiary,2010,935,0.00015391100521758343,2010/02/08 22:00:00
ES51,Heating Tertiary,2010,936,0.00017906700607037192,2010/02/08 23:00:00
ES51,Heating Tertiary,2010,937,0.00025094400850700246,2010/02/09 00:00:00
ES51,Heating Tertiary,2010,938,0.0002842520096361438,2010/02/09 01:00:00
ES51,Heating Tertiary,2010,939,0.00030974001050018706,2010/02/09 02:00:00
ES51,Heating Tertiary,2010,940,0.0003250670110197724,2010/02/09 03:00:00
ES51,Heating Tertiary,2010,941,0.00033301301128914194,2010/02/09 04:00:00
ES51,Heating Tertiary,2010,942,0.0003359630113891469,2010/02/09 05:00:00
ES51,Heating Tertiary,2010,943,0.0003297500111785261,2010/02/09 06:00:00
ES51,Heating Tertiary,2010,944,0.00031019301051554373,2010/02/09 07:00:00
ES51,Heating Tertiary,2010,945,0.00027955100947677983,2010/02/09 08:00:00
ES51,Heating Tertiary,2010,946,0.00024454600829011024,2010/02/09 09:00:00
ES51,Heating Tertiary,2010,947,0.000213137007225345,2010/02/09 10:00:00
ES51,Heating Tertiary,2010,948,0.00018887800640296482,2010/02/09 11:00:00
ES51,Heating Tertiary,2010,949,0.00017203100583185145,2010/02/09 12:00:00
ES51,Heating Tertiary,2010,950,0.00015943200540474538,2010/02/09 13:00:00
ES51,Heating Tertiary,2010,951,0.00015097800511815467,2010/02/09 14:00:00
ES51,Heating Tertiary,2010,952,0.0001472300049910975,2010/02/09 15:00:00
ES51,Heating Tertiary,2010,953,0.000147435004998047,2010/02/09 16:00:00
ES51,Heating Tertiary,2010,954,0.0001489380050489987,2010/02/09 17:00:00
ES51,Heating Tertiary,2010,955,0.0001494410050660504,2010/02/09 18:00:00
ES51,Heating Tertiary,2010,956,0.0001502660050940179,2010/02/09 19:00:00
ES51,Heating Tertiary,2010,957,0.00015394800521883767,2010/02/09 20:00:00
ES51,Heating Tertiary,2010,958,0.0001646170055805169,2010/02/09 21:00:00
ES51,Heating Tertiary,2010,959,0.00018529200628139943,2010/02/09 22:00:00
ES51,Heating Tertiary,2010,960,0.00021557700730806103,2010/02/09 23:00:00
ES51,Heating Tertiary,2010,961,0.00027304900925636204,2010/02/10 00:00:00
ES51,Heating Tertiary,2010,962,0.0003092910104849659,2010/02/10 01:00:00
ES51,Heating Tertiary,2010,963,0.00033702401142511476,2010/02/10 02:00:00
ES51,Heating Tertiary,2010,964,0.000353702011990499,2010/02/10 03:00:00
ES51,Heating Tertiary,2010,965,0.0003623490122836323,2010/02/10 04:00:00
ES51,Heating Tertiary,2010,966,0.0003655580123924175,2010/02/10 05:00:00
ES51,Heating Tertiary,2010,967,0.00035879701216321954,2010/02/10 06:00:00
ES51,Heating Tertiary,2010,968,0.0003375160114417936,2010/02/10 07:00:00
ES51,Heating Tertiary,2010,969,0.00030417701031160133,2010/02/10 08:00:00
ES51,Heating Tertiary,2010,970,0.00026608800902038415,2010/02/10 09:00:00
ES51,Heating Tertiary,2010,971,0.0002319110078617837,2010/02/10 10:00:00
ES51,Heating Tertiary,2010,972,0.000205517006967027,2010/02/10 11:00:00
ES51,Heating Tertiary,2010,973,0.00018718500634557213,2010/02/10 12:00:00
ES51,Heating Tertiary,2010,974,0.00017347600588083699,2010/02/10 13:00:00
ES51,Heating Tertiary,2010,975,0.00016427800556902475,2010/02/10 14:00:00
ES51,Heating Tertiary,2010,976,0.0001601990054307466,2010/02/10 15:00:00
ES51,Heating Tertiary,2010,977,0.00016042200543830634,2010/02/10 16:00:00
ES51,Heating Tertiary,2010,978,0.0001620570054937329,2010/02/10 17:00:00
ES51,Heating Tertiary,2010,979,0.00016260600551234395,2010/02/10 18:00:00
ES51,Heating Tertiary,2010,980,0.00016350300554275225,2010/02/10 19:00:00
ES51,Heating Tertiary,2010,981,0.00016750900567855565,2010/02/10 20:00:00
ES51,Heating Tertiary,2010,982,0.0001791180060721008,2010/02/10 21:00:00
ES51,Heating Tertiary,2010,983,0.0002016140068347153,2010/02/10 22:00:00
ES51,Heating Tertiary,2010,984,0.0002345670079518221,2010/02/10 23:00:00
ES51,Heating Tertiary,2010,985,0.00032161901090288524,2010/02/11 00:00:00
ES51,Heating Tertiary,2010,986,0.00036430801235004247,2010/02/11 01:00:00
ES51,Heating Tertiary,2010,987,0.00039697301345738604,2010/02/11 02:00:00
ES51,Heating Tertiary,2010,988,0.0004166180141233517,2010/02/11 03:00:00
ES51,Heating Tertiary,2010,989,0.00042680201446858925,2010/02/11 04:00:00
ES51,Heating Tertiary,2010,990,0.00043058201459673126,2010/02/11 05:00:00
ES51,Heating Tertiary,2010,991,0.0004226200143268194,2010/02/11 06:00:00
ES51,Heating Tertiary,2010,992,0.0003975540134770819,2010/02/11 07:00:00
ES51,Heating Tertiary,2010,993,0.00035828301214579493,2010/02/11 08:00:00
ES51,Heating Tertiary,2010,994,0.00031341901062490525,2010/02/11 09:00:00
ES51,Heating Tertiary,2010,995,0.0002731650092602944,2010/02/11 10:00:00
ES51,Heating Tertiary,2010,996,0.00024207300820627554,2010/02/11 11:00:00
ES51,Heating Tertiary,2010,997,0.00022048100747430665,2010/02/11 12:00:00
ES51,Heating Tertiary,2010,998,0.0002043340069269233,2010/02/11 13:00:00
ES51,Heating Tertiary,2010,999,0.00019350000655965065,2010/02/11 14:00:00
ES51,Heating Tertiary,2010,1000,0.00018869700639682893,2010/02/11 15:00:00
ES51,Heating Tertiary,2010,1001,0.00018895800640567685,2010/02/11 16:00:00
ES51,Heating Tertiary,2010,1002,0.00019088400647096824,2010/02/11 17:00:00
ES51,Heating Tertiary,2010,1003,0.00019153100649290156,2010/02/11 18:00:00
ES51,Heating Tertiary,2010,1004,0.00019258700652869995,2010/02/11 19:00:00
ES51,Heating Tertiary,2010,1005,0.00019730500668864017,2010/02/11 20:00:00
ES51,Heating Tertiary,2010,1006,0.0002109800071522227,2010/02/11 21:00:00
ES51,Heating Tertiary,2010,1007,0.00023747700805047111,2010/02/11 22:00:00
ES51,Heating Tertiary,2010,1008,0.00027629000936623196,2010/02/11 23:00:00
ES51,Heating Tertiary,2010,1009,0.00040101201359430815,2010/02/12 00:00:00
ES51,Heating Tertiary,2010,1010,0.00045423901539870363,2010/02/12 01:00:00
ES51,Heating Tertiary,2010,1011,0.0004949680167794169,2010/02/12 02:00:00
ES51,Heating Tertiary,2010,1012,0.0005194620176097635,2010/02/12 03:00:00
ES51,Heating Tertiary,2010,1013,0.0005321610180402597,2010/02/12 04:00:00
ES51,Heating Tertiary,2010,1014,0.0005368730181999966,2010/02/12 05:00:00
ES51,Heating Tertiary,2010,1015,0.0005269450178634373,2010/02/12 06:00:00
ES51,Heating Tertiary,2010,1016,0.0004956920168039605,2010/02/12 07:00:00
ES51,Heating Tertiary,2010,1017,0.00044672601514401293,2010/02/12 08:00:00
ES51,Heating Tertiary,2010,1018,0.00039078901324774844,2010/02/12 09:00:00
ES51,Heating Tertiary,2010,1019,0.00034059601154620554,2010/02/12 10:00:00
ES51,Heating Tertiary,2010,1020,0.000301830010232038,2010/02/12 11:00:00
ES51,Heating Tertiary,2010,1021,0.0002749070093193482,2010/02/12 12:00:00
ES51,Heating Tertiary,2010,1022,0.0002547740086368395,2010/02/12 13:00:00
ES51,Heating Tertiary,2010,1023,0.0002412660081789182,2010/02/12 14:00:00
ES51,Heating Tertiary,2010,1024,0.0002352770079758911,2010/02/12 15:00:00
ES51,Heating Tertiary,2010,1025,0.00023560300798694252,2010/02/12 16:00:00
ES51,Heating Tertiary,2010,1026,0.0002380040080683364,2010/02/12 17:00:00
ES51,Heating Tertiary,2010,1027,0.00023881100809569373,2010/02/12 18:00:00
ES51,Heating Tertiary,2010,1028,0.00024012800814034,2010/02/12 19:00:00
ES51,Heating Tertiary,2010,1029,0.0002460120083398076,2010/02/12 20:00:00
ES51,Heating Tertiary,2010,1030,0.0002630610089177688,2010/02/12 21:00:00
ES51,Heating Tertiary,2010,1031,0.0002960990100377571,2010/02/12 22:00:00
ES51,Heating Tertiary,2010,1032,0.0003444950116783817,2010/02/12 23:00:00
ES51,Heating Tertiary,2010,1033,0.0004202870142477307,2010/02/13 00:00:00
ES51,Heating Tertiary,2010,1034,0.00047856701622342294,2010/02/13 01:00:00
ES51,Heating Tertiary,2010,1035,0.0005211630176674275,2010/02/13 02:00:00
ES51,Heating Tertiary,2010,1036,0.0005455700184948249,2010/02/13 03:00:00
ES51,Heating Tertiary,2010,1037,0.0005603320189952567,2010/02/13 04:00:00
ES51,Heating Tertiary,2010,1038,0.0005680680192575071,2010/02/13 05:00:00
ES51,Heating Tertiary,2010,1039,0.0005599970189839002,2010/02/13 06:00:00
ES51,Heating Tertiary,2010,1040,0.000529676017956018,2010/02/13 07:00:00
ES51,Heating Tertiary,2010,1041,0.00048067201629478244,2010/02/13 08:00:00
ES51,Heating Tertiary,2010,1042,0.0004229710143387183,2010/02/13 09:00:00
ES51,Heating Tertiary,2010,1043,0.00036754001245960726,2010/02/13 10:00:00
ES51,Heating Tertiary,2010,1044,0.0003231550109549556,2010/02/13 11:00:00
ES51,Heating Tertiary,2010,1045,0.0002914180098790712,2010/02/13 12:00:00
ES51,Heating Tertiary,2010,1046,0.00026812400908940453,2010/02/13 13:00:00
ES51,Heating Tertiary,2010,1047,0.0002517150085331394,2010/02/13 14:00:00
ES51,Heating Tertiary,2010,1048,0.00024449500828838133,2010/02/13 15:00:00
ES51,Heating Tertiary,2010,1049,0.00024542900832004395,2010/02/13 16:00:00
ES51,Heating Tertiary,2010,1050,0.00024871600843147325,2010/02/13 17:00:00
ES51,Heating Tertiary,2010,1051,0.00024975500846669533,2010/02/13 18:00:00
ES51,Heating Tertiary,2010,1052,0.0002495360084592712,2010/02/13 19:00:00
ES51,Heating Tertiary,2010,1053,0.00025269800856646306,2010/02/13 20:00:00
ES51,Heating Tertiary,2010,1054,0.0002675580090702171,2010/02/13 21:00:00
ES51,Heating Tertiary,2010,1055,0.0003020760102403775,2010/02/13 22:00:00
ES51,Heating Tertiary,2010,1056,0.0003557780120608754,2010/02/13 23:00:00
ES51,Heating Tertiary,2010,1057,0.0003892150131943898,2010/02/14 00:00:00
ES51,Heating Tertiary,2010,1058,0.00044837001519974453,2010/02/14 01:00:00
ES51,Heating Tertiary,2010,1059,0.0004961320168188765,2010/02/14 02:00:00
ES51,Heating Tertiary,2010,1060,0.0005255480178160789,2010/02/14 03:00:00
ES51,Heating Tertiary,2010,1061,0.0005389270182696272,2010/02/14 04:00:00
ES51,Heating Tertiary,2010,1062,0.0005435140184251265,2010/02/14 05:00:00
ES51,Heating Tertiary,2010,1063,0.0005337390180937539,2010/02/14 06:00:00
ES51,Heating Tertiary,2010,1064,0.0005050240171203153,2010/02/14 07:00:00
ES51,Heating Tertiary,2010,1065,0.00045949501557688205,2010/02/14 08:00:00
ES51,Heating Tertiary,2010,1066,0.00040577201375567216,2010/02/14 09:00:00
ES51,Heating Tertiary,2010,1067,0.00035537901204734935,2010/02/14 10:00:00
ES51,Heating Tertiary,2010,1068,0.0003165460107309105,2010/02/14 11:00:00
ES51,Heating Tertiary,2010,1069,0.0002897380098221192,2010/02/14 12:00:00
ES51,Heating Tertiary,2010,1070,0.0002690750091216434,2010/02/14 13:00:00
ES51,Heating Tertiary,2010,1071,0.00025316100858215876,2010/02/14 14:00:00
ES51,Heating Tertiary,2010,1072,0.00024437200828421167,2010/02/14 15:00:00
ES51,Heating Tertiary,2010,1073,0.0002404590081515609,2010/02/14 16:00:00
ES51,Heating Tertiary,2010,1074,0.0002385750080876933,2010/02/14 17:00:00
ES51,Heating Tertiary,2010,1075,0.00023555800798541698,2010/02/14 18:00:00
ES51,Heating Tertiary,2010,1076,0.0002345190079501949,2010/02/14 19:00:00
ES51,Heating Tertiary,2010,1077,0.00023872300809271051,2010/02/14 20:00:00
ES51,Heating Tertiary,2010,1078,0.00025386400860599045,2010/02/14 21:00:00
ES51,Heating Tertiary,2010,1079,0.00028498400966095867,2010/02/14 22:00:00
ES51,Heating Tertiary,2010,1080,0.00033141801123507135,2010/02/14 23:00:00
ES51,Heating Tertiary,2010,1081,0.0003754820127288411,2010/02/15 00:00:00
ES51,Heating Tertiary,2010,1082,0.00042532001441834946,2010/02/15 01:00:00
ES51,Heating Tertiary,2010,1083,0.00046345601571115997,2010/02/15 02:00:00
ES51,Heating Tertiary,2010,1084,0.00048639001648862265,2010/02/15 03:00:00
ES51,Heating Tertiary,2010,1085,0.0004982800168916937,2010/02/15 04:00:00
ES51,Heating Tertiary,2010,1086,0.0005026940170413283,2010/02/15 05:00:00
ES51,Heating Tertiary,2010,1087,0.00049339701672616,2010/02/15 06:00:00
ES51,Heating Tertiary,2010,1088,0.0004641340157341442,2010/02/15 07:00:00
ES51,Heating Tertiary,2010,1089,0.0004182860141798968,2010/02/15 08:00:00
ES51,Heating Tertiary,2010,1090,0.0003659090124043163,2010/02/15 09:00:00
ES51,Heating Tertiary,2010,1091,0.000318912010811118,2010/02/15 10:00:00
ES51,Heating Tertiary,2010,1092,0.00028261400958061564,2010/02/15 11:00:00
ES51,Heating Tertiary,2010,1093,0.00025740500872603036,2010/02/15 12:00:00
ES51,Heating Tertiary,2010,1094,0.0002385530080869475,2010/02/15 13:00:00
ES51,Heating Tertiary,2010,1095,0.00022590600765821418,2010/02/15 14:00:00
ES51,Heating Tertiary,2010,1096,0.00022029800746810294,2010/02/15 15:00:00
ES51,Heating Tertiary,2010,1097,0.00022060300747844247,2010/02/15 16:00:00
ES51,Heating Tertiary,2010,1098,0.00022285200755468355,2010/02/15 17:00:00
ES51,Heating Tertiary,2010,1099,0.00022360700758027806,2010/02/15 18:00:00
ES51,Heating Tertiary,2010,1100,0.00022484100762211066,2010/02/15 19:00:00
ES51,Heating Tertiary,2010,1101,0.00023034900780883187,2010/02/15 20:00:00
ES51,Heating Tertiary,2010,1102,0.00024631400835004545,2010/02/15 21:00:00
ES51,Heating Tertiary,2010,1103,0.0002772480093987081,2010/02/15 22:00:00
ES51,Heating Tertiary,2010,1104,0.0003225620109348529,2010/02/15 23:00:00
ES51,Heating Tertiary,2010,1105,0.0003754820127288411,2010/02/16 00:00:00
ES51,Heating Tertiary,2010,1106,0.00042532001441834946,2010/02/16 01:00:00
ES51,Heating Tertiary,2010,1107,0.00046345601571115997,2010/02/16 02:00:00
ES51,Heating Tertiary,2010,1108,0.00048639001648862265,2010/02/16 03:00:00
ES51,Heating Tertiary,2010,1109,0.0004982800168916937,2010/02/16 04:00:00
ES51,Heating Tertiary,2010,1110,0.0005026940170413283,2010/02/16 05:00:00
ES51,Heating Tertiary,2010,1111,0.00049339701672616,2010/02/16 06:00:00
ES51,Heating Tertiary,2010,1112,0.0004641340157341442,2010/02/16 07:00:00
ES51,Heating Tertiary,2010,1113,0.0004182860141798968,2010/02/16 08:00:00
ES51,Heating Tertiary,2010,1114,0.0003659090124043163,2010/02/16 09:00:00
ES51,Heating Tertiary,2010,1115,0.000318912010811118,2010/02/16 10:00:00
ES51,Heating Tertiary,2010,1116,0.00028261400958061564,2010/02/16 11:00:00
ES51,Heating Tertiary,2010,1117,0.00025740500872603036,2010/02/16 12:00:00
ES51,Heating Tertiary,2010,1118,0.0002385530080869475,2010/02/16 13:00:00
ES51,Heating Tertiary,2010,1119,0.00022590600765821418,2010/02/16 14:00:00
ES51,Heating Tertiary,2010,1120,0.00022029800746810294,2010/02/16 15:00:00
ES51,Heating Tertiary,2010,1121,0.00022060300747844247,2010/02/16 16:00:00
ES51,Heating Tertiary,2010,1122,0.00022285200755468355,2010/02/16 17:00:00
ES51,Heating Tertiary,2010,1123,0.00022360700758027806,2010/02/16 18:00:00
ES51,Heating Tertiary,2010,1124,0.00022484100762211066,2010/02/16 19:00:00
ES51,Heating Tertiary,2010,1125,0.00023034900780883187,2010/02/16 20:00:00
ES51,Heating Tertiary,2010,1126,0.00024631400835004545,2010/02/16 21:00:00
ES51,Heating Tertiary,2010,1127,0.0002772480093987081,2010/02/16 22:00:00
ES51,Heating Tertiary,2010,1128,0.0003225620109348529,2010/02/16 23:00:00
ES51,Heating Tertiary,2010,1129,0.00025094400850700246,2010/02/17 00:00:00
ES51,Heating Tertiary,2010,1130,0.0002842520096361438,2010/02/17 01:00:00
ES51,Heating Tertiary,2010,1131,0.00030974001050018706,2010/02/17 02:00:00
ES51,Heating Tertiary,2010,1132,0.0003250670110197724,2010/02/17 03:00:00
ES51,Heating Tertiary,2010,1133,0.00033301301128914194,2010/02/17 04:00:00
ES51,Heating Tertiary,2010,1134,0.0003359630113891469,2010/02/17 05:00:00
ES51,Heating Tertiary,2010,1135,0.0003297500111785261,2010/02/17 06:00:00
ES51,Heating Tertiary,2010,1136,0.00031019301051554373,2010/02/17 07:00:00
ES51,Heating Tertiary,2010,1137,0.00027955100947677983,2010/02/17 08:00:00
ES51,Heating Tertiary,2010,1138,0.00024454600829011024,2010/02/17 09:00:00
ES51,Heating Tertiary,2010,1139,0.000213137007225345,2010/02/17 10:00:00
ES51,Heating Tertiary,2010,1140,0.00018887800640296482,2010/02/17 11:00:00
ES51,Heating Tertiary,2010,1141,0.00017203100583185145,2010/02/17 12:00:00
ES51,Heating Tertiary,2010,1142,0.00015943200540474538,2010/02/17 13:00:00
ES51,Heating Tertiary,2010,1143,0.00015097800511815467,2010/02/17 14:00:00
ES51,Heating Tertiary,2010,1144,0.0001472300049910975,2010/02/17 15:00:00
ES51,Heating Tertiary,2010,1145,0.000147435004998047,2010/02/17 16:00:00
ES51,Heating Tertiary,2010,1146,0.0001489380050489987,2010/02/17 17:00:00
ES51,Heating Tertiary,2010,1147,0.0001494410050660504,2010/02/17 18:00:00
ES51,Heating Tertiary,2010,1148,0.0001502660050940179,2010/02/17 19:00:00
ES51,Heating Tertiary,2010,1149,0.00015394800521883767,2010/02/17 20:00:00
ES51,Heating Tertiary,2010,1150,0.0001646170055805169,2010/02/17 21:00:00
ES51,Heating Tertiary,2010,1151,0.00018529200628139943,2010/02/17 22:00:00
ES51,Heating Tertiary,2010,1152,0.00021557700730806103,2010/02/17 23:00:00
ES51,Heating Tertiary,2010,1153,0.00018540600628526402,2010/02/18 00:00:00
ES51,Heating Tertiary,2010,1154,0.0002100150071195092,2010/02/18 01:00:00
ES51,Heating Tertiary,2010,1155,0.0002288460077578802,2010/02/18 02:00:00
ES51,Heating Tertiary,2010,1156,0.0002401700081417638,2010/02/18 03:00:00
ES51,Heating Tertiary,2010,1157,0.00024604200834082464,2010/02/18 04:00:00
ES51,Heating Tertiary,2010,1158,0.00024822000841465884,2010/02/18 05:00:00
ES51,Heating Tertiary,2010,1159,0.00024363000825905782,2010/02/18 06:00:00
ES51,Heating Tertiary,2010,1160,0.0002291800077692028,2010/02/18 07:00:00
ES51,Heating Tertiary,2010,1161,0.0002065410070017406,2010/02/18 08:00:00
ES51,Heating Tertiary,2010,1162,0.00018067900612501873,2010/02/18 09:00:00
ES51,Heating Tertiary,2010,1163,0.00015747200533830133,2010/02/18 10:00:00
ES51,Heating Tertiary,2010,1164,0.00013955000473074548,2010/02/18 11:00:00
ES51,Heating Tertiary,2010,1165,0.00012710200430875824,2010/02/18 12:00:00
ES51,Heating Tertiary,2010,1166,0.000117794003993217,2010/02/18 13:00:00
ES51,Heating Tertiary,2010,1167,0.00011154800378147758,2010/02/18 14:00:00
ES51,Heating Tertiary,2010,1168,0.00010877900368760847,2010/02/18 15:00:00
ES51,Heating Tertiary,2010,1169,0.00010893000369272737,2010/02/18 16:00:00
ES51,Heating Tertiary,2010,1170,0.00011004000373035638,2010/02/18 17:00:00
ES51,Heating Tertiary,2010,1171,0.00011041200374296718,2010/02/18 18:00:00
ES51,Heating Tertiary,2010,1172,0.00011102100376361227,2010/02/18 19:00:00
ES51,Heating Tertiary,2010,1173,0.00011374200385585419,2010/02/18 20:00:00
ES51,Heating Tertiary,2010,1174,0.00012162500412308791,2010/02/18 21:00:00
ES51,Heating Tertiary,2010,1175,0.00013690000464091048,2010/02/18 22:00:00
ES51,Heating Tertiary,2010,1176,0.00015927500539942305,2010/02/18 23:00:00
ES51,Heating Tertiary,2010,1177,0.0002084450070662862,2010/02/19 00:00:00
ES51,Heating Tertiary,2010,1178,0.0002361130080042315,2010/02/19 01:00:00
ES51,Heating Tertiary,2010,1179,0.0002572830087218946,2010/02/19 02:00:00
ES51,Heating Tertiary,2010,1180,0.0002700150091535094,2010/02/19 03:00:00
ES51,Heating Tertiary,2010,1181,0.00027661600937728333,2010/02/19 04:00:00
ES51,Heating Tertiary,2010,1182,0.00027906500946030445,2010/02/19 05:00:00
ES51,Heating Tertiary,2010,1183,0.0002739050092853804,2010/02/19 06:00:00
ES51,Heating Tertiary,2010,1184,0.0002576600087346749,2010/02/19 07:00:00
ES51,Heating Tertiary,2010,1185,0.0002322070078718181,2010/02/19 08:00:00
ES51,Heating Tertiary,2010,1186,0.0002031310068861416,2010/02/19 09:00:00
ES51,Heating Tertiary,2010,1187,0.0001770410060016905,2010/02/19 10:00:00
ES51,Heating Tertiary,2010,1188,0.0001568900053185715,2010/02/19 11:00:00
ES51,Heating Tertiary,2010,1189,0.00014289600484417494,2010/02/19 12:00:00
ES51,Heating Tertiary,2010,1190,0.00013243100448941136,2010/02/19 13:00:00
ES51,Heating Tertiary,2010,1191,0.00012541000425139942,2010/02/19 14:00:00
ES51,Heating Tertiary,2010,1192,0.00012229600414583484,2010/02/19 15:00:00
ES51,Heating Tertiary,2010,1193,0.00012246500415156393,2010/02/19 16:00:00
ES51,Heating Tertiary,2010,1194,0.00012371400419390502,2010/02/19 17:00:00
ES51,Heating Tertiary,2010,1195,0.00012413400420814303,2010/02/19 18:00:00
ES51,Heating Tertiary,2010,1196,0.00012481800423133063,2010/02/19 19:00:00
ES51,Heating Tertiary,2010,1197,0.00012787700433503074,2010/02/19 20:00:00
ES51,Heating Tertiary,2010,1198,0.00013673900463545256,2010/02/19 21:00:00
ES51,Heating Tertiary,2010,1199,0.00015391100521758343,2010/02/19 22:00:00
ES51,Heating Tertiary,2010,1200,0.00017906700607037192,2010/02/19 23:00:00
ES51,Heating Tertiary,2010,1201,0.0002401640081415604,2010/02/20 00:00:00
ES51,Heating Tertiary,2010,1202,0.0002734670092705322,2010/02/20 01:00:00
ES51,Heating Tertiary,2010,1203,0.00029780701009565834,2010/02/20 02:00:00
ES51,Heating Tertiary,2010,1204,0.00031175501056849555,2010/02/20 03:00:00
ES51,Heating Tertiary,2010,1205,0.0003201890108544082,2010/02/20 04:00:00
ES51,Heating Tertiary,2010,1206,0.000324611011004314,2010/02/20 05:00:00
ES51,Heating Tertiary,2010,1207,0.0003199980108479333,2010/02/20 06:00:00
ES51,Heating Tertiary,2010,1208,0.00030267201026058186,2010/02/20 07:00:00
ES51,Heating Tertiary,2010,1209,0.00027467000931131395,2010/02/20 08:00:00
ES51,Heating Tertiary,2010,1210,0.00024169700819352913,2010/02/20 09:00:00
ES51,Heating Tertiary,2010,1211,0.0002100230071197804,2010/02/20 10:00:00
ES51,Heating Tertiary,2010,1212,0.00018466000625997462,2010/02/20 11:00:00
ES51,Heating Tertiary,2010,1213,0.00016652500564519806,2010/02/20 12:00:00
ES51,Heating Tertiary,2010,1214,0.00015321400519395512,2010/02/20 13:00:00
ES51,Heating Tertiary,2010,1215,0.0001438380048761087,2010/02/20 14:00:00
ES51,Heating Tertiary,2010,1216,0.0001397110047362034,2010/02/20 15:00:00
ES51,Heating Tertiary,2010,1217,0.00014024400475427207,2010/02/20 16:00:00
ES51,Heating Tertiary,2010,1218,0.00014212400481800408,2010/02/20 17:00:00
ES51,Heating Tertiary,2010,1219,0.0001427170048381068,2010/02/20 18:00:00
ES51,Heating Tertiary,2010,1220,0.0001425920048338693,2010/02/20 19:00:00
ES51,Heating Tertiary,2010,1221,0.0001443990048951266,2010/02/20 20:00:00
ES51,Heating Tertiary,2010,1222,0.00015289000518297152,2010/02/20 21:00:00
ES51,Heating Tertiary,2010,1223,0.0001726150058516491,2010/02/20 22:00:00
ES51,Heating Tertiary,2010,1224,0.00020330200689193848,2010/02/20 23:00:00
ES51,Heating Tertiary,2010,1225,0.0002601220088181367,2010/02/21 00:00:00
ES51,Heating Tertiary,2010,1226,0.0002996570101583733,2010/02/21 01:00:00
ES51,Heating Tertiary,2010,1227,0.0003315780112404954,2010/02/21 02:00:00
ES51,Heating Tertiary,2010,1228,0.0003512370119069355,2010/02/21 03:00:00
ES51,Heating Tertiary,2010,1229,0.00036017901221006946,2010/02/21 04:00:00
ES51,Heating Tertiary,2010,1230,0.00036324401231397285,2010/02/21 05:00:00
ES51,Heating Tertiary,2010,1231,0.0003567100120924702,2010/02/21 06:00:00
ES51,Heating Tertiary,2010,1232,0.00033752101144196307,2010/02/21 07:00:00
ES51,Heating Tertiary,2010,1233,0.00030709201041041983,2010/02/21 08:00:00
ES51,Heating Tertiary,2010,1234,0.00027118700919324024,2010/02/21 09:00:00
ES51,Heating Tertiary,2010,1235,0.000237508008051522,2010/02/21 10:00:00
ES51,Heating Tertiary,2010,1236,0.00021155600717174912,2010/02/21 11:00:00
ES51,Heating Tertiary,2010,1237,0.00019363900656436278,2010/02/21 12:00:00
ES51,Heating Tertiary,2010,1238,0.00017983000609623763,2010/02/21 13:00:00
ES51,Heating Tertiary,2010,1239,0.00016919300573564323,2010/02/21 14:00:00
ES51,Heating Tertiary,2010,1240,0.00016332000553654854,2010/02/21 15:00:00
ES51,Heating Tertiary,2010,1241,0.00016070400544786616,2010/02/21 16:00:00
ES51,Heating Tertiary,2010,1242,0.00015944600540521994,2010/02/21 17:00:00
ES51,Heating Tertiary,2010,1243,0.00015743000533687755,2010/02/21 18:00:00
ES51,Heating Tertiary,2010,1244,0.00015673400531328313,2010/02/21 19:00:00
ES51,Heating Tertiary,2010,1245,0.00015954500540857602,2010/02/21 20:00:00
ES51,Heating Tertiary,2010,1246,0.00016966400575161021,2010/02/21 21:00:00
ES51,Heating Tertiary,2010,1247,0.00019046100645662856,2010/02/21 22:00:00
ES51,Heating Tertiary,2010,1248,0.00022149500750868125,2010/02/21 23:00:00
ES51,Heating Tertiary,2010,1249,0.00027304900925636204,2010/02/22 00:00:00
ES51,Heating Tertiary,2010,1250,0.0003092910104849659,2010/02/22 01:00:00
ES51,Heating Tertiary,2010,1251,0.00033702401142511476,2010/02/22 02:00:00
ES51,Heating Tertiary,2010,1252,0.000353702011990499,2010/02/22 03:00:00
ES51,Heating Tertiary,2010,1253,0.0003623490122836323,2010/02/22 04:00:00
ES51,Heating Tertiary,2010,1254,0.0003655580123924175,2010/02/22 05:00:00
ES51,Heating Tertiary,2010,1255,0.00035879701216321954,2010/02/22 06:00:00
ES51,Heating Tertiary,2010,1256,0.0003375160114417936,2010/02/22 07:00:00
ES51,Heating Tertiary,2010,1257,0.00030417701031160133,2010/02/22 08:00:00
ES51,Heating Tertiary,2010,1258,0.00026608800902038415,2010/02/22 09:00:00
ES51,Heating Tertiary,2010,1259,0.0002319110078617837,2010/02/22 10:00:00
ES51,Heating Tertiary,2010,1260,0.000205517006967027,2010/02/22 11:00:00
ES51,Heating Tertiary,2010,1261,0.00018718500634557213,2010/02/22 12:00:00
ES51,Heating Tertiary,2010,1262,0.00017347600588083699,2010/02/22 13:00:00
ES51,Heating Tertiary,2010,1263,0.00016427800556902475,2010/02/22 14:00:00
ES51,Heating Tertiary,2010,1264,0.0001601990054307466,2010/02/22 15:00:00
ES51,Heating Tertiary,2010,1265,0.00016042200543830634,2010/02/22 16:00:00
ES51,Heating Tertiary,2010,1266,0.0001620570054937329,2010/02/22 17:00:00
ES51,Heating Tertiary,2010,1267,0.00016260600551234395,2010/02/22 18:00:00
ES51,Heating Tertiary,2010,1268,0.00016350300554275225,2010/02/22 19:00:00
ES51,Heating Tertiary,2010,1269,0.00016750900567855565,2010/02/22 20:00:00
ES51,Heating Tertiary,2010,1270,0.0001791180060721008,2010/02/22 21:00:00
ES51,Heating Tertiary,2010,1271,0.0002016140068347153,2010/02/22 22:00:00
ES51,Heating Tertiary,2010,1272,0.0002345670079518221,2010/02/22 23:00:00
ES51,Heating Tertiary,2010,1273,0.0002084450070662862,2010/02/23 00:00:00
ES51,Heating Tertiary,2010,1274,0.0002361130080042315,2010/02/23 01:00:00
ES51,Heating Tertiary,2010,1275,0.0002572830087218946,2010/02/23 02:00:00
ES51,Heating Tertiary,2010,1276,0.0002700150091535094,2010/02/23 03:00:00
ES51,Heating Tertiary,2010,1277,0.00027661600937728333,2010/02/23 04:00:00
ES51,Heating Tertiary,2010,1278,0.00027906500946030445,2010/02/23 05:00:00
ES51,Heating Tertiary,2010,1279,0.0002739050092853804,2010/02/23 06:00:00
ES51,Heating Tertiary,2010,1280,0.0002576600087346749,2010/02/23 07:00:00
ES51,Heating Tertiary,2010,1281,0.0002322070078718181,2010/02/23 08:00:00
ES51,Heating Tertiary,2010,1282,0.0002031310068861416,2010/02/23 09:00:00
ES51,Heating Tertiary,2010,1283,0.0001770410060016905,2010/02/23 10:00:00
ES51,Heating Tertiary,2010,1284,0.0001568900053185715,2010/02/23 11:00:00
ES51,Heating Tertiary,2010,1285,0.00014289600484417494,2010/02/23 12:00:00
ES51,Heating Tertiary,2010,1286,0.00013243100448941136,2010/02/23 13:00:00
ES51,Heating Tertiary,2010,1287,0.00012541000425139942,2010/02/23 14:00:00
ES51,Heating Tertiary,2010,1288,0.00012229600414583484,2010/02/23 15:00:00
ES51,Heating Tertiary,2010,1289,0.00012246500415156393,2010/02/23 16:00:00
ES51,Heating Tertiary,2010,1290,0.00012371400419390502,2010/02/23 17:00:00
ES51,Heating Tertiary,2010,1291,0.00012413400420814303,2010/02/23 18:00:00
ES51,Heating Tertiary,2010,1292,0.00012481800423133063,2010/02/23 19:00:00
ES51,Heating Tertiary,2010,1293,0.00012787700433503074,2010/02/23 20:00:00
ES51,Heating Tertiary,2010,1294,0.00013673900463545256,2010/02/23 21:00:00
ES51,Heating Tertiary,2010,1295,0.00015391100521758343,2010/02/23 22:00:00
ES51,Heating Tertiary,2010,1296,0.00017906700607037192,2010/02/23 23:00:00
ES51,Heating Tertiary,2010,1297,0.00014103900478122257,2010/02/24 00:00:00
ES51,Heating Tertiary,2010,1298,0.00015975900541583064,2010/02/24 01:00:00
ES51,Heating Tertiary,2010,1299,0.0001740840059014482,2010/02/24 02:00:00
ES51,Heating Tertiary,2010,1300,0.00018269900619349673,2010/02/24 03:00:00
ES51,Heating Tertiary,2010,1301,0.00018716500634489413,2010/02/24 04:00:00
ES51,Heating Tertiary,2010,1302,0.00018882300640110034,2010/02/24 05:00:00
ES51,Heating Tertiary,2010,1303,0.00018533000628268763,2010/02/24 06:00:00
ES51,Heating Tertiary,2010,1304,0.00017433900591009273,2010/02/24 07:00:00
ES51,Heating Tertiary,2010,1305,0.00015711700532626687,2010/02/24 08:00:00
ES51,Heating Tertiary,2010,1306,0.00013744300465931816,2010/02/24 09:00:00
ES51,Heating Tertiary,2010,1307,0.0001197910040609153,2010/02/24 10:00:00
ES51,Heating Tertiary,2010,1308,0.00010615600359868876,2010/02/24 11:00:00
ES51,Heating Tertiary,2010,1309,9.668700327768962e-05,2010/02/24 12:00:00
ES51,Heating Tertiary,2010,1310,8.96061030376471e-05,2010/02/24 13:00:00
ES51,Heating Tertiary,2010,1311,8.485520287659157e-05,2010/02/24 14:00:00
ES51,Heating Tertiary,2010,1312,8.274870280518121e-05,2010/02/24 15:00:00
ES51,Heating Tertiary,2010,1313,8.286330280906615e-05,2010/02/24 16:00:00
ES51,Heating Tertiary,2010,1314,8.370800283770149e-05,2010/02/24 17:00:00
ES51,Heating Tertiary,2010,1315,8.399160284731553e-05,2010/02/24 18:00:00
ES51,Heating Tertiary,2010,1316,8.44549028630214e-05,2010/02/24 19:00:00
ES51,Heating Tertiary,2010,1317,8.65241029331673e-05,2010/02/24 20:00:00
ES51,Heating Tertiary,2010,1318,9.252060313644865e-05,2010/02/24 21:00:00
ES51,Heating Tertiary,2010,1319,0.00010414000353034636,2010/02/24 22:00:00
ES51,Heating Tertiary,2010,1320,0.00012116200410739222,2010/02/24 23:00:00
ES51,Heating Tertiary,2010,1321,0.00014103900478122257,2010/02/25 00:00:00
ES51,Heating Tertiary,2010,1322,0.00015975900541583064,2010/02/25 01:00:00
ES51,Heating Tertiary,2010,1323,0.0001740840059014482,2010/02/25 02:00:00
ES51,Heating Tertiary,2010,1324,0.00018269900619349673,2010/02/25 03:00:00
ES51,Heating Tertiary,2010,1325,0.00018716500634489413,2010/02/25 04:00:00
ES51,Heating Tertiary,2010,1326,0.00018882300640110034,2010/02/25 05:00:00
ES51,Heating Tertiary,2010,1327,0.00018533000628268763,2010/02/25 06:00:00
ES51,Heating Tertiary,2010,1328,0.00017433900591009273,2010/02/25 07:00:00
ES51,Heating Tertiary,2010,1329,0.00015711700532626687,2010/02/25 08:00:00
ES51,Heating Tertiary,2010,1330,0.00013744300465931816,2010/02/25 09:00:00
ES51,Heating Tertiary,2010,1331,0.0001197910040609153,2010/02/25 10:00:00
ES51,Heating Tertiary,2010,1332,0.00010615600359868876,2010/02/25 11:00:00
ES51,Heating Tertiary,2010,1333,9.668700327768962e-05,2010/02/25 12:00:00
ES51,Heating Tertiary,2010,1334,8.96061030376471e-05,2010/02/25 13:00:00
ES51,Heating Tertiary,2010,1335,8.485520287659157e-05,2010/02/25 14:00:00
ES51,Heating Tertiary,2010,1336,8.274870280518121e-05,2010/02/25 15:00:00
ES51,Heating Tertiary,2010,1337,8.286330280906615e-05,2010/02/25 16:00:00
ES51,Heating Tertiary,2010,1338,8.370800283770149e-05,2010/02/25 17:00:00
ES51,Heating Tertiary,2010,1339,8.399160284731553e-05,2010/02/25 18:00:00
ES51,Heating Tertiary,2010,1340,8.44549028630214e-05,2010/02/25 19:00:00
ES51,Heating Tertiary,2010,1341,8.65241029331673e-05,2010/02/25 20:00:00
ES51,Heating Tertiary,2010,1342,9.252060313644865e-05,2010/02/25 21:00:00
ES51,Heating Tertiary,2010,1343,0.00010414000353034636,2010/02/25 22:00:00
ES51,Heating Tertiary,2010,1344,0.00012116200410739222,2010/02/25 23:00:00
ES51,Heating Tertiary,2010,1345,0.0001195560040529488,2010/02/26 00:00:00
ES51,Heating Tertiary,2010,1346,0.00013542600459094187,2010/02/26 01:00:00
ES51,Heating Tertiary,2010,1347,0.00014756800500255566,2010/02/26 02:00:00
ES51,Heating Tertiary,2010,1348,0.00015487000525009353,2010/02/26 03:00:00
ES51,Heating Tertiary,2010,1349,0.00015865600537843895,2010/02/26 04:00:00
ES51,Heating Tertiary,2010,1350,0.00016006200542610234,2010/02/26 05:00:00
ES51,Heating Tertiary,2010,1351,0.00015710200532575834,2010/02/26 06:00:00
ES51,Heating Tertiary,2010,1352,0.0001477840050098781,2010/02/26 07:00:00
ES51,Heating Tertiary,2010,1353,0.00013318600451500586,2010/02/26 08:00:00
ES51,Heating Tertiary,2010,1354,0.0001165090039496555,2010/02/26 09:00:00
ES51,Heating Tertiary,2010,1355,0.00010154400344234194,2010/02/26 10:00:00
ES51,Heating Tertiary,2010,1356,8.998650305054266e-05,2010/02/26 11:00:00
ES51,Heating Tertiary,2010,1357,8.19598027784375e-05,2010/02/26 12:00:00
ES51,Heating Tertiary,2010,1358,7.59575025749595e-05,2010/02/26 13:00:00
ES51,Heating Tertiary,2010,1359,7.193020243843403e-05,2010/02/26 14:00:00
ES51,Heating Tertiary,2010,1360,7.014460237790218e-05,2010/02/26 15:00:00
ES51,Heating Tertiary,2010,1361,7.024170238119386e-05,2010/02/26 16:00:00
ES51,Heating Tertiary,2010,1362,7.095780240546967e-05,2010/02/26 17:00:00
ES51,Heating Tertiary,2010,1363,7.119820241361922e-05,2010/02/26 18:00:00
ES51,Heating Tertiary,2010,1364,7.159090242693176e-05,2010/02/26 19:00:00
ES51,Heating Tertiary,2010,1365,7.334500248639574e-05,2010/02/26 20:00:00
ES51,Heating Tertiary,2010,1366,7.842810265871286e-05,2010/02/26 21:00:00
ES51,Heating Tertiary,2010,1367,8.827810299262788e-05,2010/02/26 22:00:00
ES51,Heating Tertiary,2010,1368,0.00010270600348173376,2010/02/26 23:00:00
ES51,Heating Tertiary,2010,1369,0.00014781800501103065,2010/02/27 00:00:00
ES51,Heating Tertiary,2010,1370,0.00016831600570591293,2010/02/27 01:00:00
ES51,Heating Tertiary,2010,1371,0.0001832970062137689,2010/02/27 02:00:00
ES51,Heating Tertiary,2010,1372,0.00019188200650480046,2010/02/27 03:00:00
ES51,Heating Tertiary,2010,1373,0.00019707300668077537,2010/02/27 04:00:00
ES51,Heating Tertiary,2010,1374,0.00019979400677301728,2010/02/27 05:00:00
ES51,Heating Tertiary,2010,1375,0.00019695600667680907,2010/02/27 06:00:00
ES51,Heating Tertiary,2010,1376,0.00018629100631526553,2010/02/27 07:00:00
ES51,Heating Tertiary,2010,1377,0.00016905600573099893,2010/02/27 08:00:00
ES51,Heating Tertiary,2010,1378,0.00014876300504306622,2010/02/27 09:00:00
ES51,Heating Tertiary,2010,1379,0.00012926700438215173,2010/02/27 10:00:00
ES51,Heating Tertiary,2010,1380,0.0001136560038529388,2010/02/27 11:00:00
ES51,Heating Tertiary,2010,1381,0.00010249400347454694,2010/02/27 12:00:00
ES51,Heating Tertiary,2010,1382,9.430150319682117e-05,2010/02/27 13:00:00
ES51,Heating Tertiary,2010,1383,8.853030300117747e-05,2010/02/27 14:00:00
ES51,Heating Tertiary,2010,1384,8.59908029150884e-05,2010/02/27 15:00:00
ES51,Heating Tertiary,2010,1385,8.631910292621779e-05,2010/02/27 16:00:00
ES51,Heating Tertiary,2010,1386,8.747550296541975e-05,2010/02/27 17:00:00
ES51,Heating Tertiary,2010,1387,8.784090297780681e-05,2010/02/27 18:00:00
ES51,Heating Tertiary,2010,1388,8.776370297518973e-05,2010/02/27 19:00:00
ES51,Heating Tertiary,2010,1389,8.887590301289331e-05,2010/02/27 20:00:00
ES51,Heating Tertiary,2010,1390,9.410200319005812e-05,2010/02/27 21:00:00
ES51,Heating Tertiary,2010,1391,0.00010624300360163805,2010/02/27 22:00:00
ES51,Heating Tertiary,2010,1392,0.00012513000424190743,2010/02/27 23:00:00
ES51,Heating Tertiary,2010,1393,0.00019218700651513996,2010/02/28 00:00:00
ES51,Heating Tertiary,2010,1394,0.00022139700750535904,2010/02/28 01:00:00
ES51,Heating Tertiary,2010,1395,0.0002449810083048567,2010/02/28 02:00:00
ES51,Heating Tertiary,2010,1396,0.00025950600879725427,2010/02/28 03:00:00
ES51,Heating Tertiary,2010,1397,0.00026611300902123163,2010/02/28 04:00:00
ES51,Heating Tertiary,2010,1398,0.00026837700909798125,2010/02/28 05:00:00
ES51,Heating Tertiary,2010,1399,0.0002635500089343459,2010/02/28 06:00:00
ES51,Heating Tertiary,2010,1400,0.00024937200845371167,2010/02/28 07:00:00
ES51,Heating Tertiary,2010,1401,0.00022689000769157176,2010/02/28 08:00:00
ES51,Heating Tertiary,2010,1402,0.00020036200679227246,2010/02/28 09:00:00
ES51,Heating Tertiary,2010,1403,0.0001754790059487387,2010/02/28 10:00:00
ES51,Heating Tertiary,2010,1404,0.00015630400529870612,2010/02/28 11:00:00
ES51,Heating Tertiary,2010,1405,0.0001430670048499718,2010/02/28 12:00:00
ES51,Heating Tertiary,2010,1406,0.00013286400450409006,2010/02/28 13:00:00
ES51,Heating Tertiary,2010,1407,0.00012500600423770382,2010/02/28 14:00:00
ES51,Heating Tertiary,2010,1408,0.00012066600409057781,2010/02/28 15:00:00
ES51,Heating Tertiary,2010,1409,0.00011873400402508299,2010/02/28 16:00:00
ES51,Heating Tertiary,2010,1410,0.000117804003993556,2010/02/28 17:00:00
ES51,Heating Tertiary,2010,1411,0.00011631400394304499,2010/02/28 18:00:00
ES51,Heating Tertiary,2010,1412,0.0001158010039256543,2010/02/28 19:00:00
ES51,Heating Tertiary,2010,1413,0.0001178770039960307,2010/02/28 20:00:00
ES51,Heating Tertiary,2010,1414,0.00012535300424946713,2010/02/28 21:00:00
ES51,Heating Tertiary,2010,1415,0.00014071900477037459,2010/02/28 22:00:00
ES51,Heating Tertiary,2010,1416,0.00016364800554766776,2010/02/28 23:00:00
ES51,Heating Tertiary,2010,1417,0.00014103900478122257,2010/03/01 00:00:00
ES51,Heating Tertiary,2010,1418,0.00015975900541583064,2010/03/01 01:00:00
ES51,Heating Tertiary,2010,1419,0.0001740840059014482,2010/03/01 02:00:00
ES51,Heating Tertiary,2010,1420,0.00018269900619349673,2010/03/01 03:00:00
ES51,Heating Tertiary,2010,1421,0.00018716500634489413,2010/03/01 04:00:00
ES51,Heating Tertiary,2010,1422,0.00018882300640110034,2010/03/01 05:00:00
ES51,Heating Tertiary,2010,1423,0.00018533000628268763,2010/03/01 06:00:00
ES51,Heating Tertiary,2010,1424,0.00017433900591009273,2010/03/01 07:00:00
ES51,Heating Tertiary,2010,1425,0.00015711700532626687,2010/03/01 08:00:00
ES51,Heating Tertiary,2010,1426,0.00013744300465931816,2010/03/01 09:00:00
ES51,Heating Tertiary,2010,1427,0.0001197910040609153,2010/03/01 10:00:00
ES51,Heating Tertiary,2010,1428,0.00010615600359868876,2010/03/01 11:00:00
ES51,Heating Tertiary,2010,1429,9.668700327768962e-05,2010/03/01 12:00:00
ES51,Heating Tertiary,2010,1430,8.96061030376471e-05,2010/03/01 13:00:00
ES51,Heating Tertiary,2010,1431,8.485520287659157e-05,2010/03/01 14:00:00
ES51,Heating Tertiary,2010,1432,8.274870280518121e-05,2010/03/01 15:00:00
ES51,Heating Tertiary,2010,1433,8.286330280906615e-05,2010/03/01 16:00:00
ES51,Heating Tertiary,2010,1434,8.370800283770149e-05,2010/03/01 17:00:00
ES51,Heating Tertiary,2010,1435,8.399160284731553e-05,2010/03/01 18:00:00
ES51,Heating Tertiary,2010,1436,8.44549028630214e-05,2010/03/01 19:00:00
ES51,Heating Tertiary,2010,1437,8.65241029331673e-05,2010/03/01 20:00:00
ES51,Heating Tertiary,2010,1438,9.252060313644865e-05,2010/03/01 21:00:00
ES51,Heating Tertiary,2010,1439,0.00010414000353034636,2010/03/01 22:00:00
ES51,Heating Tertiary,2010,1440,0.00012116200410739222,2010/03/01 23:00:00
ES51,Heating Tertiary,2010,1441,0.00018540600628526402,2010/03/02 00:00:00
ES51,Heating Tertiary,2010,1442,0.0002100150071195092,2010/03/02 01:00:00
ES51,Heating Tertiary,2010,1443,0.0002288460077578802,2010/03/02 02:00:00
ES51,Heating Tertiary,2010,1444,0.0002401700081417638,2010/03/02 03:00:00
ES51,Heating Tertiary,2010,1445,0.00024604200834082464,2010/03/02 04:00:00
ES51,Heating Tertiary,2010,1446,0.00024822000841465884,2010/03/02 05:00:00
ES51,Heating Tertiary,2010,1447,0.00024363000825905782,2010/03/02 06:00:00
ES51,Heating Tertiary,2010,1448,0.0002291800077692028,2010/03/02 07:00:00
ES51,Heating Tertiary,2010,1449,0.0002065410070017406,2010/03/02 08:00:00
ES51,Heating Tertiary,2010,1450,0.00018067900612501873,2010/03/02 09:00:00
ES51,Heating Tertiary,2010,1451,0.00015747200533830133,2010/03/02 10:00:00
ES51,Heating Tertiary,2010,1452,0.00013955000473074548,2010/03/02 11:00:00
ES51,Heating Tertiary,2010,1453,0.00012710200430875824,2010/03/02 12:00:00
ES51,Heating Tertiary,2010,1454,0.000117794003993217,2010/03/02 13:00:00
ES51,Heating Tertiary,2010,1455,0.00011154800378147758,2010/03/02 14:00:00
ES51,Heating Tertiary,2010,1456,0.00010877900368760847,2010/03/02 15:00:00
ES51,Heating Tertiary,2010,1457,0.00010893000369272737,2010/03/02 16:00:00
ES51,Heating Tertiary,2010,1458,0.00011004000373035638,2010/03/02 17:00:00
ES51,Heating Tertiary,2010,1459,0.00011041200374296718,2010/03/02 18:00:00
ES51,Heating Tertiary,2010,1460,0.00011102100376361227,2010/03/02 19:00:00
ES51,Heating Tertiary,2010,1461,0.00011374200385585419,2010/03/02 20:00:00
ES51,Heating Tertiary,2010,1462,0.00012162500412308791,2010/03/02 21:00:00
ES51,Heating Tertiary,2010,1463,0.00013690000464091048,2010/03/02 22:00:00
ES51,Heating Tertiary,2010,1464,0.00015927500539942305,2010/03/02 23:00:00
ES51,Heating Tertiary,2010,1465,0.00018540600628526402,2010/03/03 00:00:00
ES51,Heating Tertiary,2010,1466,0.0002100150071195092,2010/03/03 01:00:00
ES51,Heating Tertiary,2010,1467,0.0002288460077578802,2010/03/03 02:00:00
ES51,Heating Tertiary,2010,1468,0.0002401700081417638,2010/03/03 03:00:00
ES51,Heating Tertiary,2010,1469,0.00024604200834082464,2010/03/03 04:00:00
ES51,Heating Tertiary,2010,1470,0.00024822000841465884,2010/03/03 05:00:00
ES51,Heating Tertiary,2010,1471,0.00024363000825905782,2010/03/03 06:00:00
ES51,Heating Tertiary,2010,1472,0.0002291800077692028,2010/03/03 07:00:00
ES51,Heating Tertiary,2010,1473,0.0002065410070017406,2010/03/03 08:00:00
ES51,Heating Tertiary,2010,1474,0.00018067900612501873,2010/03/03 09:00:00
ES51,Heating Tertiary,2010,1475,0.00015747200533830133,2010/03/03 10:00:00
ES51,Heating Tertiary,2010,1476,0.00013955000473074548,2010/03/03 11:00:00
ES51,Heating Tertiary,2010,1477,0.00012710200430875824,2010/03/03 12:00:00
ES51,Heating Tertiary,2010,1478,0.000117794003993217,2010/03/03 13:00:00
ES51,Heating Tertiary,2010,1479,0.00011154800378147758,2010/03/03 14:00:00
ES51,Heating Tertiary,2010,1480,0.00010877900368760847,2010/03/03 15:00:00
ES51,Heating Tertiary,2010,1481,0.00010893000369272737,2010/03/03 16:00:00
ES51,Heating Tertiary,2010,1482,0.00011004000373035638,2010/03/03 17:00:00
ES51,Heating Tertiary,2010,1483,0.00011041200374296718,2010/03/03 18:00:00
ES51,Heating Tertiary,2010,1484,0.00011102100376361227,2010/03/03 19:00:00
ES51,Heating Tertiary,2010,1485,0.00011374200385585419,2010/03/03 20:00:00
ES51,Heating Tertiary,2010,1486,0.00012162500412308791,2010/03/03 21:00:00
ES51,Heating Tertiary,2010,1487,0.00013690000464091048,2010/03/03 22:00:00
ES51,Heating Tertiary,2010,1488,0.00015927500539942305,2010/03/03 23:00:00
ES51,Heating Tertiary,2010,1489,0.0002291500077681858,2010/03/04 00:00:00
ES51,Heating Tertiary,2010,1490,0.00025956500879925436,2010/03/04 01:00:00
ES51,Heating Tertiary,2010,1491,0.0002828390095882431,2010/03/04 02:00:00
ES51,Heating Tertiary,2010,1492,0.0002968360100627414,2010/03/04 03:00:00
ES51,Heating Tertiary,2010,1493,0.00030409101030868597,2010/03/04 04:00:00
ES51,Heating Tertiary,2010,1494,0.00030678501040001257,2010/03/04 05:00:00
ES51,Heating Tertiary,2010,1495,0.00030111101020766394,2010/03/04 06:00:00
ES51,Heating Tertiary,2010,1496,0.00028325200960224376,2010/03/04 07:00:00
ES51,Heating Tertiary,2010,1497,0.00025527200865372164,2010/03/04 08:00:00
ES51,Heating Tertiary,2010,1498,0.00022330800757014194,2010/03/04 09:00:00
ES51,Heating Tertiary,2010,1499,0.00019462600659782208,2010/03/04 10:00:00
ES51,Heating Tertiary,2010,1500,0.00017247400584686923,2010/03/04 11:00:00
ES51,Heating Tertiary,2010,1501,0.00015708900532531762,2010/03/04 12:00:00
ES51,Heating Tertiary,2010,1502,0.000145585004935332,2010/03/04 13:00:00
ES51,Heating Tertiary,2010,1503,0.0001378660046736579,2010/03/04 14:00:00
ES51,Heating Tertiary,2010,1504,0.00013444400455765206,2010/03/04 15:00:00
ES51,Heating Tertiary,2010,1505,0.00013463000456395745,2010/03/04 16:00:00
ES51,Heating Tertiary,2010,1506,0.00013600200461046826,2010/03/04 17:00:00
ES51,Heating Tertiary,2010,1507,0.00013646300462609616,2010/03/04 18:00:00
ES51,Heating Tertiary,2010,1508,0.00013721500465158898,2010/03/04 19:00:00
ES51,Heating Tertiary,2010,1509,0.0001405780047655947,2010/03/04 20:00:00
ES51,Heating Tertiary,2010,1510,0.0001503200050958485,2010/03/04 21:00:00
ES51,Heating Tertiary,2010,1511,0.00016920000573588057,2010/03/04 22:00:00
ES51,Heating Tertiary,2010,1512,0.0001968540066733513,2010/03/04 23:00:00
ES51,Heating Tertiary,2010,1513,0.00018540600628526402,2010/03/05 00:00:00
ES51,Heating Tertiary,2010,1514,0.0002100150071195092,2010/03/05 01:00:00
ES51,Heating Tertiary,2010,1515,0.0002288460077578802,2010/03/05 02:00:00
ES51,Heating Tertiary,2010,1516,0.0002401700081417638,2010/03/05 03:00:00
ES51,Heating Tertiary,2010,1517,0.00024604200834082464,2010/03/05 04:00:00
ES51,Heating Tertiary,2010,1518,0.00024822000841465884,2010/03/05 05:00:00
ES51,Heating Tertiary,2010,1519,0.00024363000825905782,2010/03/05 06:00:00
ES51,Heating Tertiary,2010,1520,0.0002291800077692028,2010/03/05 07:00:00
ES51,Heating Tertiary,2010,1521,0.0002065410070017406,2010/03/05 08:00:00
ES51,Heating Tertiary,2010,1522,0.00018067900612501873,2010/03/05 09:00:00
ES51,Heating Tertiary,2010,1523,0.00015747200533830133,2010/03/05 10:00:00
ES51,Heating Tertiary,2010,1524,0.00013955000473074548,2010/03/05 11:00:00
ES51,Heating Tertiary,2010,1525,0.00012710200430875824,2010/03/05 12:00:00
ES51,Heating Tertiary,2010,1526,0.000117794003993217,2010/03/05 13:00:00
ES51,Heating Tertiary,2010,1527,0.00011154800378147758,2010/03/05 14:00:00
ES51,Heating Tertiary,2010,1528,0.00010877900368760847,2010/03/05 15:00:00
ES51,Heating Tertiary,2010,1529,0.00010893000369272737,2010/03/05 16:00:00
ES51,Heating Tertiary,2010,1530,0.00011004000373035638,2010/03/05 17:00:00
ES51,Heating Tertiary,2010,1531,0.00011041200374296718,2010/03/05 18:00:00
ES51,Heating Tertiary,2010,1532,0.00011102100376361227,2010/03/05 19:00:00
ES51,Heating Tertiary,2010,1533,0.00011374200385585419,2010/03/05 20:00:00
ES51,Heating Tertiary,2010,1534,0.00012162500412308791,2010/03/05 21:00:00
ES51,Heating Tertiary,2010,1535,0.00013690000464091048,2010/03/05 22:00:00
ES51,Heating Tertiary,2010,1536,0.00015927500539942305,2010/03/05 23:00:00
ES51,Heating Tertiary,2010,1537,0.00021846400740593036,2010/03/06 00:00:00
ES51,Heating Tertiary,2010,1538,0.00024875800843289703,2010/03/06 01:00:00
ES51,Heating Tertiary,2010,1539,0.000270899009183477,2010/03/06 02:00:00
ES51,Heating Tertiary,2010,1540,0.00028358600961356635,2010/03/06 03:00:00
ES51,Heating Tertiary,2010,1541,0.0002912590098736811,2010/03/06 04:00:00
ES51,Heating Tertiary,2010,1542,0.000295280010009993,2010/03/06 05:00:00
ES51,Heating Tertiary,2010,1543,0.0002910850098677825,2010/03/06 06:00:00
ES51,Heating Tertiary,2010,1544,0.0002753250093335184,2010/03/06 07:00:00
ES51,Heating Tertiary,2010,1545,0.00024985300847001757,2010/03/06 08:00:00
ES51,Heating Tertiary,2010,1546,0.00021985900745322086,2010/03/06 09:00:00
ES51,Heating Tertiary,2010,1547,0.00019104700647649394,2010/03/06 10:00:00
ES51,Heating Tertiary,2010,1548,0.00016797500569435306,2010/03/06 11:00:00
ES51,Heating Tertiary,2010,1549,0.00015147800513510466,2010/03/06 12:00:00
ES51,Heating Tertiary,2010,1550,0.0001393710047246774,2010/03/06 13:00:00
ES51,Heating Tertiary,2010,1551,0.00013084100443551037,2010/03/06 14:00:00
ES51,Heating Tertiary,2010,1552,0.00012708900430831753,2010/03/06 15:00:00
ES51,Heating Tertiary,2010,1553,0.00012757400432475904,2010/03/06 16:00:00
ES51,Heating Tertiary,2010,1554,0.00012928200438266024,2010/03/06 17:00:00
ES51,Heating Tertiary,2010,1555,0.00012982200440096625,2010/03/06 18:00:00
ES51,Heating Tertiary,2010,1556,0.00012970800439710163,2010/03/06 19:00:00
ES51,Heating Tertiary,2010,1557,0.00013135200445283326,2010/03/06 20:00:00
ES51,Heating Tertiary,2010,1558,0.00013907600471467686,2010/03/06 21:00:00
ES51,Heating Tertiary,2010,1559,0.00015701800532291074,2010/03/06 22:00:00
ES51,Heating Tertiary,2010,1560,0.00018493300626922933,2010/03/06 23:00:00
ES51,Heating Tertiary,2010,1561,0.0002601220088181367,2010/03/07 00:00:00
ES51,Heating Tertiary,2010,1562,0.0002996570101583733,2010/03/07 01:00:00
ES51,Heating Tertiary,2010,1563,0.0003315780112404954,2010/03/07 02:00:00
ES51,Heating Tertiary,2010,1564,0.0003512370119069355,2010/03/07 03:00:00
ES51,Heating Tertiary,2010,1565,0.00036017901221006946,2010/03/07 04:00:00
ES51,Heating Tertiary,2010,1566,0.00036324401231397285,2010/03/07 05:00:00
ES51,Heating Tertiary,2010,1567,0.0003567100120924702,2010/03/07 06:00:00
ES51,Heating Tertiary,2010,1568,0.00033752101144196307,2010/03/07 07:00:00
ES51,Heating Tertiary,2010,1569,0.00030709201041041983,2010/03/07 08:00:00
ES51,Heating Tertiary,2010,1570,0.00027118700919324024,2010/03/07 09:00:00
ES51,Heating Tertiary,2010,1571,0.000237508008051522,2010/03/07 10:00:00
ES51,Heating Tertiary,2010,1572,0.00021155600717174912,2010/03/07 11:00:00
ES51,Heating Tertiary,2010,1573,0.00019363900656436278,2010/03/07 12:00:00
ES51,Heating Tertiary,2010,1574,0.00017983000609623763,2010/03/07 13:00:00
ES51,Heating Tertiary,2010,1575,0.00016919300573564323,2010/03/07 14:00:00
ES51,Heating Tertiary,2010,1576,0.00016332000553654854,2010/03/07 15:00:00
ES51,Heating Tertiary,2010,1577,0.00016070400544786616,2010/03/07 16:00:00
ES51,Heating Tertiary,2010,1578,0.00015944600540521994,2010/03/07 17:00:00
ES51,Heating Tertiary,2010,1579,0.00015743000533687755,2010/03/07 18:00:00
ES51,Heating Tertiary,2010,1580,0.00015673400531328313,2010/03/07 19:00:00
ES51,Heating Tertiary,2010,1581,0.00015954500540857602,2010/03/07 20:00:00
ES51,Heating Tertiary,2010,1582,0.00016966400575161021,2010/03/07 21:00:00
ES51,Heating Tertiary,2010,1583,0.00019046100645662856,2010/03/07 22:00:00
ES51,Heating Tertiary,2010,1584,0.00022149500750868125,2010/03/07 23:00:00
ES51,Heating Tertiary,2010,1585,0.0002967120100585378,2010/03/08 00:00:00
ES51,Heating Tertiary,2010,1586,0.00033609401139358773,2010/03/08 01:00:00
ES51,Heating Tertiary,2010,1587,0.00036623001241519826,2010/03/08 02:00:00
ES51,Heating Tertiary,2010,1588,0.00038435401302960187,2010/03/08 03:00:00
ES51,Heating Tertiary,2010,1589,0.0003937490133480925,2010/03/08 04:00:00
ES51,Heating Tertiary,2010,1590,0.0003972370134663357,2010/03/08 05:00:00
ES51,Heating Tertiary,2010,1591,0.0003898900132172723,2010/03/08 06:00:00
ES51,Heating Tertiary,2010,1592,0.00036676501243333476,2010/03/08 07:00:00
ES51,Heating Tertiary,2010,1593,0.00033053601120517154,2010/03/08 08:00:00
ES51,Heating Tertiary,2010,1594,0.0002891460098020504,2010/03/08 09:00:00
ES51,Heating Tertiary,2010,1595,0.0002520090085431059,2010/03/08 10:00:00
ES51,Heating Tertiary,2010,1596,0.00022332600757075214,2010/03/08 11:00:00
ES51,Heating Tertiary,2010,1597,0.0002034060068954641,2010/03/08 12:00:00
ES51,Heating Tertiary,2010,1598,0.00018850900639045572,2010/03/08 13:00:00
ES51,Heating Tertiary,2010,1599,0.00017851400605162522,2010/03/08 14:00:00
ES51,Heating Tertiary,2010,1600,0.0001740830059014143,2010/03/08 15:00:00
ES51,Heating Tertiary,2010,1601,0.00017432400590958422,2010/03/08 16:00:00
ES51,Heating Tertiary,2010,1602,0.0001761010059698245,2010/03/08 17:00:00
ES51,Heating Tertiary,2010,1603,0.00017669800599006276,2010/03/08 18:00:00
ES51,Heating Tertiary,2010,1604,0.0001776720060230814,2010/03/08 19:00:00
ES51,Heating Tertiary,2010,1605,0.00018202500617064813,2010/03/08 20:00:00
ES51,Heating Tertiary,2010,1606,0.00019464100659833056,2010/03/08 21:00:00
ES51,Heating Tertiary,2010,1607,0.00021908600742701615,2010/03/08 22:00:00
ES51,Heating Tertiary,2010,1608,0.00025489300864087357,2010/03/08 23:00:00
ES51,Heating Tertiary,2010,1609,0.0003754820127288411,2010/03/09 00:00:00
ES51,Heating Tertiary,2010,1610,0.00042532001441834946,2010/03/09 01:00:00
ES51,Heating Tertiary,2010,1611,0.00046345601571115997,2010/03/09 02:00:00
ES51,Heating Tertiary,2010,1612,0.00048639001648862265,2010/03/09 03:00:00
ES51,Heating Tertiary,2010,1613,0.0004982800168916937,2010/03/09 04:00:00
ES51,Heating Tertiary,2010,1614,0.0005026940170413283,2010/03/09 05:00:00
ES51,Heating Tertiary,2010,1615,0.00049339701672616,2010/03/09 06:00:00
ES51,Heating Tertiary,2010,1616,0.0004641340157341442,2010/03/09 07:00:00
ES51,Heating Tertiary,2010,1617,0.0004182860141798968,2010/03/09 08:00:00
ES51,Heating Tertiary,2010,1618,0.0003659090124043163,2010/03/09 09:00:00
ES51,Heating Tertiary,2010,1619,0.000318912010811118,2010/03/09 10:00:00
ES51,Heating Tertiary,2010,1620,0.00028261400958061564,2010/03/09 11:00:00
ES51,Heating Tertiary,2010,1621,0.00025740500872603036,2010/03/09 12:00:00
ES51,Heating Tertiary,2010,1622,0.0002385530080869475,2010/03/09 13:00:00
ES51,Heating Tertiary,2010,1623,0.00022590600765821418,2010/03/09 14:00:00
ES51,Heating Tertiary,2010,1624,0.00022029800746810294,2010/03/09 15:00:00
ES51,Heating Tertiary,2010,1625,0.00022060300747844247,2010/03/09 16:00:00
ES51,Heating Tertiary,2010,1626,0.00022285200755468355,2010/03/09 17:00:00
ES51,Heating Tertiary,2010,1627,0.00022360700758027806,2010/03/09 18:00:00
ES51,Heating Tertiary,2010,1628,0.00022484100762211066,2010/03/09 19:00:00
ES51,Heating Tertiary,2010,1629,0.00023034900780883187,2010/03/09 20:00:00
ES51,Heating Tertiary,2010,1630,0.00024631400835004545,2010/03/09 21:00:00
ES51,Heating Tertiary,2010,1631,0.0002772480093987081,2010/03/09 22:00:00
ES51,Heating Tertiary,2010,1632,0.0003225620109348529,2010/03/09 23:00:00
ES51,Heating Tertiary,2010,1633,0.00034823901180530345,2010/03/10 00:00:00
ES51,Heating Tertiary,2010,1634,0.00039446101337222924,2010/03/10 01:00:00
ES51,Heating Tertiary,2010,1635,0.00042983001457123844,2010/03/10 02:00:00
ES51,Heating Tertiary,2010,1636,0.00045110101529232543,2010/03/10 03:00:00
ES51,Heating Tertiary,2010,1637,0.00046212801566614077,2010/03/10 04:00:00
ES51,Heating Tertiary,2010,1638,0.0004662210158048935,2010/03/10 05:00:00
ES51,Heating Tertiary,2010,1639,0.0004576000155126416,2010/03/10 06:00:00
ES51,Heating Tertiary,2010,1640,0.00043045901459256154,2010/03/10 07:00:00
ES51,Heating Tertiary,2010,1641,0.0003879380131510997,2010/03/10 08:00:00
ES51,Heating Tertiary,2010,1642,0.0003393600115043052,2010/03/10 09:00:00
ES51,Heating Tertiary,2010,1643,0.0002957740100267396,2010/03/10 10:00:00
ES51,Heating Tertiary,2010,1644,0.000262109008885496,2010/03/10 11:00:00
ES51,Heating Tertiary,2010,1645,0.00023872900809291392,2010/03/10 12:00:00
ES51,Heating Tertiary,2010,1646,0.00022124600750024015,2010/03/10 13:00:00
ES51,Heating Tertiary,2010,1647,0.0002095160071025931,2010/03/10 14:00:00
ES51,Heating Tertiary,2010,1648,0.00020431400692624529,2010/03/10 15:00:00
ES51,Heating Tertiary,2010,1649,0.000204597006935839,2010/03/10 16:00:00
ES51,Heating Tertiary,2010,1650,0.0002066830070065544,2010/03/10 17:00:00
ES51,Heating Tertiary,2010,1651,0.00020738300703028443,2010/03/10 18:00:00
ES51,Heating Tertiary,2010,1652,0.000208527007069066,2010/03/10 19:00:00
ES51,Heating Tertiary,2010,1653,0.0002136360072422611,2010/03/10 20:00:00
ES51,Heating Tertiary,2010,1654,0.00022844200774418459,2010/03/10 21:00:00
ES51,Heating Tertiary,2010,1655,0.00025713300871680955,2010/03/10 22:00:00
ES51,Heating Tertiary,2010,1656,0.0002991590101414911,2010/03/10 23:00:00
ES51,Heating Tertiary,2010,1657,0.0003754820127288411,2010/03/11 00:00:00
ES51,Heating Tertiary,2010,1658,0.00042532001441834946,2010/03/11 01:00:00
ES51,Heating Tertiary,2010,1659,0.00046345601571115997,2010/03/11 02:00:00
ES51,Heating Tertiary,2010,1660,0.00048639001648862265,2010/03/11 03:00:00
ES51,Heating Tertiary,2010,1661,0.0004982800168916937,2010/03/11 04:00:00
ES51,Heating Tertiary,2010,1662,0.0005026940170413283,2010/03/11 05:00:00
ES51,Heating Tertiary,2010,1663,0.00049339701672616,2010/03/11 06:00:00
ES51,Heating Tertiary,2010,1664,0.0004641340157341442,2010/03/11 07:00:00
ES51,Heating Tertiary,2010,1665,0.0004182860141798968,2010/03/11 08:00:00
ES51,Heating Tertiary,2010,1666,0.0003659090124043163,2010/03/11 09:00:00
ES51,Heating Tertiary,2010,1667,0.000318912010811118,2010/03/11 10:00:00
ES51,Heating Tertiary,2010,1668,0.00028261400958061564,2010/03/11 11:00:00
ES51,Heating Tertiary,2010,1669,0.00025740500872603036,2010/03/11 12:00:00
ES51,Heating Tertiary,2010,1670,0.0002385530080869475,2010/03/11 13:00:00
ES51,Heating Tertiary,2010,1671,0.00022590600765821418,2010/03/11 14:00:00
ES51,Heating Tertiary,2010,1672,0.00022029800746810294,2010/03/11 15:00:00
ES51,Heating Tertiary,2010,1673,0.00022060300747844247,2010/03/11 16:00:00
ES51,Heating Tertiary,2010,1674,0.00022285200755468355,2010/03/11 17:00:00
ES51,Heating Tertiary,2010,1675,0.00022360700758027806,2010/03/11 18:00:00
ES51,Heating Tertiary,2010,1676,0.00022484100762211066,2010/03/11 19:00:00
ES51,Heating Tertiary,2010,1677,0.00023034900780883187,2010/03/11 20:00:00
ES51,Heating Tertiary,2010,1678,0.00024631400835004545,2010/03/11 21:00:00
ES51,Heating Tertiary,2010,1679,0.0002772480093987081,2010/03/11 22:00:00
ES51,Heating Tertiary,2010,1680,0.0003225620109348529,2010/03/11 23:00:00
ES51,Heating Tertiary,2010,1681,0.0003754820127288411,2010/03/12 00:00:00
ES51,Heating Tertiary,2010,1682,0.00042532001441834946,2010/03/12 01:00:00
ES51,Heating Tertiary,2010,1683,0.00046345601571115997,2010/03/12 02:00:00
ES51,Heating Tertiary,2010,1684,0.00048639001648862265,2010/03/12 03:00:00
ES51,Heating Tertiary,2010,1685,0.0004982800168916937,2010/03/12 04:00:00
ES51,Heating Tertiary,2010,1686,0.0005026940170413283,2010/03/12 05:00:00
ES51,Heating Tertiary,2010,1687,0.00049339701672616,2010/03/12 06:00:00
ES51,Heating Tertiary,2010,1688,0.0004641340157341442,2010/03/12 07:00:00
ES51,Heating Tertiary,2010,1689,0.0004182860141798968,2010/03/12 08:00:00
ES51,Heating Tertiary,2010,1690,0.0003659090124043163,2010/03/12 09:00:00
ES51,Heating Tertiary,2010,1691,0.000318912010811118,2010/03/12 10:00:00
ES51,Heating Tertiary,2010,1692,0.00028261400958061564,2010/03/12 11:00:00
ES51,Heating Tertiary,2010,1693,0.00025740500872603036,2010/03/12 12:00:00
ES51,Heating Tertiary,2010,1694,0.0002385530080869475,2010/03/12 13:00:00
ES51,Heating Tertiary,2010,1695,0.00022590600765821418,2010/03/12 14:00:00
ES51,Heating Tertiary,2010,1696,0.00022029800746810294,2010/03/12 15:00:00
ES51,Heating Tertiary,2010,1697,0.00022060300747844247,2010/03/12 16:00:00
ES51,Heating Tertiary,2010,1698,0.00022285200755468355,2010/03/12 17:00:00
ES51,Heating Tertiary,2010,1699,0.00022360700758027806,2010/03/12 18:00:00
ES51,Heating Tertiary,2010,1700,0.00022484100762211066,2010/03/12 19:00:00
ES51,Heating Tertiary,2010,1701,0.00023034900780883187,2010/03/12 20:00:00
ES51,Heating Tertiary,2010,1702,0.00024631400835004545,2010/03/12 21:00:00
ES51,Heating Tertiary,2010,1703,0.0002772480093987081,2010/03/12 22:00:00
ES51,Heating Tertiary,2010,1704,0.0003225620109348529,2010/03/12 23:00:00
ES51,Heating Tertiary,2010,1705,0.0002630060089159043,2010/03/13 00:00:00
ES51,Heating Tertiary,2010,1706,0.0002994750101522035,2010/03/13 01:00:00
ES51,Heating Tertiary,2010,1707,0.0003261320110558759,2010/03/13 02:00:00
ES51,Heating Tertiary,2010,1708,0.00034140501157363065,2010/03/13 03:00:00
ES51,Heating Tertiary,2010,1709,0.000350642011886765,2010/03/13 04:00:00
ES51,Heating Tertiary,2010,1710,0.000355484012050909,2010/03/13 05:00:00
ES51,Heating Tertiary,2010,1711,0.00035043301187967995,2010/03/13 06:00:00
ES51,Heating Tertiary,2010,1712,0.00033145901123646124,2010/03/13 07:00:00
ES51,Heating Tertiary,2010,1713,0.0003007940101969177,2010/03/13 08:00:00
ES51,Heating Tertiary,2010,1714,0.0002646850089728224,2010/03/13 09:00:00
ES51,Heating Tertiary,2010,1715,0.00022999800779693297,2010/03/13 10:00:00
ES51,Heating Tertiary,2010,1716,0.0002022220068553265,2010/03/13 11:00:00
ES51,Heating Tertiary,2010,1717,0.00018236300618210632,2010/03/13 12:00:00
ES51,Heating Tertiary,2010,1718,0.00016778600568794595,2010/03/13 13:00:00
ES51,Heating Tertiary,2010,1719,0.00015751700533982684,2010/03/13 14:00:00
ES51,Heating Tertiary,2010,1720,0.00015299900518666662,2010/03/13 15:00:00
ES51,Heating Tertiary,2010,1721,0.00015358300520646422,2010/03/13 16:00:00
ES51,Heating Tertiary,2010,1722,0.00015564100527623042,2010/03/13 17:00:00
ES51,Heating Tertiary,2010,1723,0.00015629100529826543,2010/03/13 18:00:00
ES51,Heating Tertiary,2010,1724,0.00015615300529358723,2010/03/13 19:00:00
ES51,Heating Tertiary,2010,1725,0.0001581330053607092,2010/03/13 20:00:00
ES51,Heating Tertiary,2010,1726,0.00016743100567591143,2010/03/13 21:00:00
ES51,Heating Tertiary,2010,1727,0.00018903300640821932,2010/03/13 22:00:00
ES51,Heating Tertiary,2010,1728,0.00022263700754739506,2010/03/13 23:00:00
ES51,Heating Tertiary,2010,1729,0.00030756401042642066,2010/03/14 00:00:00
ES51,Heating Tertiary,2010,1730,0.00035430901201107635,2010/03/14 01:00:00
ES51,Heating Tertiary,2010,1731,0.00039205201329056417,2010/03/14 02:00:00
ES51,Heating Tertiary,2010,1732,0.0004152960140785358,2010/03/14 03:00:00
ES51,Heating Tertiary,2010,1733,0.0004258680144369267,2010/03/14 04:00:00
ES51,Heating Tertiary,2010,1734,0.0004294930145598142,2010/03/14 05:00:00
ES51,Heating Tertiary,2010,1735,0.00042176801429793663,2010/03/14 06:00:00
ES51,Heating Tertiary,2010,1736,0.00039907801352874554,2010/03/14 07:00:00
ES51,Heating Tertiary,2010,1737,0.00036309901230905734,2010/03/14 08:00:00
ES51,Heating Tertiary,2010,1738,0.00032064701086993437,2010/03/14 09:00:00
ES51,Heating Tertiary,2010,1739,0.0002808260095200024,2010/03/14 10:00:00
ES51,Heating Tertiary,2010,1740,0.00025014000847974684,2010/03/14 11:00:00
ES51,Heating Tertiary,2010,1741,0.0002289550077615753,2010/03/14 12:00:00
ES51,Heating Tertiary,2010,1742,0.00021262700720805602,2010/03/14 13:00:00
ES51,Heating Tertiary,2010,1743,0.00020005100678172956,2010/03/14 14:00:00
ES51,Heating Tertiary,2010,1744,0.00019310700654632797,2010/03/14 15:00:00
ES51,Heating Tertiary,2010,1745,0.00019001500644150914,2010/03/14 16:00:00
ES51,Heating Tertiary,2010,1746,0.00018852600639103205,2010/03/14 17:00:00
ES51,Heating Tertiary,2010,1747,0.00018614100631018053,2010/03/14 18:00:00
ES51,Heating Tertiary,2010,1748,0.00018532000628234863,2010/03/14 19:00:00
ES51,Heating Tertiary,2010,1749,0.00018864300639499833,2010/03/14 20:00:00
ES51,Heating Tertiary,2010,1750,0.00020060700680057798,2010/03/14 21:00:00
ES51,Heating Tertiary,2010,1751,0.00022519900763424687,2010/03/14 22:00:00
ES51,Heating Tertiary,2010,1752,0.0002618910088781058,2010/03/14 23:00:00
ES51,Heating Tertiary,2010,1753,0.00025094400850700246,2010/03/15 00:00:00
ES51,Heating Tertiary,2010,1754,0.0002842520096361438,2010/03/15 01:00:00
ES51,Heating Tertiary,2010,1755,0.00030974001050018706,2010/03/15 02:00:00
ES51,Heating Tertiary,2010,1756,0.0003250670110197724,2010/03/15 03:00:00
ES51,Heating Tertiary,2010,1757,0.00033301301128914194,2010/03/15 04:00:00
ES51,Heating Tertiary,2010,1758,0.0003359630113891469,2010/03/15 05:00:00
ES51,Heating Tertiary,2010,1759,0.0003297500111785261,2010/03/15 06:00:00
ES51,Heating Tertiary,2010,1760,0.00031019301051554373,2010/03/15 07:00:00
ES51,Heating Tertiary,2010,1761,0.00027955100947677983,2010/03/15 08:00:00
ES51,Heating Tertiary,2010,1762,0.00024454600829011024,2010/03/15 09:00:00
ES51,Heating Tertiary,2010,1763,0.000213137007225345,2010/03/15 10:00:00
ES51,Heating Tertiary,2010,1764,0.00018887800640296482,2010/03/15 11:00:00
ES51,Heating Tertiary,2010,1765,0.00017203100583185145,2010/03/15 12:00:00
ES51,Heating Tertiary,2010,1766,0.00015943200540474538,2010/03/15 13:00:00
ES51,Heating Tertiary,2010,1767,0.00015097800511815467,2010/03/15 14:00:00
ES51,Heating Tertiary,2010,1768,0.0001472300049910975,2010/03/15 15:00:00
ES51,Heating Tertiary,2010,1769,0.000147435004998047,2010/03/15 16:00:00
ES51,Heating Tertiary,2010,1770,0.0001489380050489987,2010/03/15 17:00:00
ES51,Heating Tertiary,2010,1771,0.0001494410050660504,2010/03/15 18:00:00
ES51,Heating Tertiary,2010,1772,0.0001502660050940179,2010/03/15 19:00:00
ES51,Heating Tertiary,2010,1773,0.00015394800521883767,2010/03/15 20:00:00
ES51,Heating Tertiary,2010,1774,0.0001646170055805169,2010/03/15 21:00:00
ES51,Heating Tertiary,2010,1775,0.00018529200628139943,2010/03/15 22:00:00
ES51,Heating Tertiary,2010,1776,0.00021557700730806103,2010/03/15 23:00:00
ES51,Heating Tertiary,2010,1777,0.00025094400850700246,2010/03/16 00:00:00
ES51,Heating Tertiary,2010,1778,0.0002842520096361438,2010/03/16 01:00:00
ES51,Heating Tertiary,2010,1779,0.00030974001050018706,2010/03/16 02:00:00
ES51,Heating Tertiary,2010,1780,0.0003250670110197724,2010/03/16 03:00:00
ES51,Heating Tertiary,2010,1781,0.00033301301128914194,2010/03/16 04:00:00
ES51,Heating Tertiary,2010,1782,0.0003359630113891469,2010/03/16 05:00:00
ES51,Heating Tertiary,2010,1783,0.0003297500111785261,2010/03/16 06:00:00
ES51,Heating Tertiary,2010,1784,0.00031019301051554373,2010/03/16 07:00:00
ES51,Heating Tertiary,2010,1785,0.00027955100947677983,2010/03/16 08:00:00
ES51,Heating Tertiary,2010,1786,0.00024454600829011024,2010/03/16 09:00:00
ES51,Heating Tertiary,2010,1787,0.000213137007225345,2010/03/16 10:00:00
ES51,Heating Tertiary,2010,1788,0.00018887800640296482,2010/03/16 11:00:00
ES51,Heating Tertiary,2010,1789,0.00017203100583185145,2010/03/16 12:00:00
ES51,Heating Tertiary,2010,1790,0.00015943200540474538,2010/03/16 13:00:00
ES51,Heating Tertiary,2010,1791,0.00015097800511815467,2010/03/16 14:00:00
ES51,Heating Tertiary,2010,1792,0.0001472300049910975,2010/03/16 15:00:00
ES51,Heating Tertiary,2010,1793,0.000147435004998047,2010/03/16 16:00:00
ES51,Heating Tertiary,2010,1794,0.0001489380050489987,2010/03/16 17:00:00
ES51,Heating Tertiary,2010,1795,0.0001494410050660504,2010/03/16 18:00:00
ES51,Heating Tertiary,2010,1796,0.0001502660050940179,2010/03/16 19:00:00
ES51,Heating Tertiary,2010,1797,0.00015394800521883767,2010/03/16 20:00:00
ES51,Heating Tertiary,2010,1798,0.0001646170055805169,2010/03/16 21:00:00
ES51,Heating Tertiary,2010,1799,0.00018529200628139943,2010/03/16 22:00:00
ES51,Heating Tertiary,2010,1800,0.00021557700730806103,2010/03/16 23:00:00
ES51,Heating Tertiary,2010,1801,0.0002084450070662862,2010/03/17 00:00:00
ES51,Heating Tertiary,2010,1802,0.0002361130080042315,2010/03/17 01:00:00
ES51,Heating Tertiary,2010,1803,0.0002572830087218946,2010/03/17 02:00:00
ES51,Heating Tertiary,2010,1804,0.0002700150091535094,2010/03/17 03:00:00
ES51,Heating Tertiary,2010,1805,0.00027661600937728333,2010/03/17 04:00:00
ES51,Heating Tertiary,2010,1806,0.00027906500946030445,2010/03/17 05:00:00
ES51,Heating Tertiary,2010,1807,0.0002739050092853804,2010/03/17 06:00:00
ES51,Heating Tertiary,2010,1808,0.0002576600087346749,2010/03/17 07:00:00
ES51,Heating Tertiary,2010,1809,0.0002322070078718181,2010/03/17 08:00:00
ES51,Heating Tertiary,2010,1810,0.0002031310068861416,2010/03/17 09:00:00
ES51,Heating Tertiary,2010,1811,0.0001770410060016905,2010/03/17 10:00:00
ES51,Heating Tertiary,2010,1812,0.0001568900053185715,2010/03/17 11:00:00
ES51,Heating Tertiary,2010,1813,0.00014289600484417494,2010/03/17 12:00:00
ES51,Heating Tertiary,2010,1814,0.00013243100448941136,2010/03/17 13:00:00
ES51,Heating Tertiary,2010,1815,0.00012541000425139942,2010/03/17 14:00:00
ES51,Heating Tertiary,2010,1816,0.00012229600414583484,2010/03/17 15:00:00
ES51,Heating Tertiary,2010,1817,0.00012246500415156393,2010/03/17 16:00:00
ES51,Heating Tertiary,2010,1818,0.00012371400419390502,2010/03/17 17:00:00
ES51,Heating Tertiary,2010,1819,0.00012413400420814303,2010/03/17 18:00:00
ES51,Heating Tertiary,2010,1820,0.00012481800423133063,2010/03/17 19:00:00
ES51,Heating Tertiary,2010,1821,0.00012787700433503074,2010/03/17 20:00:00
ES51,Heating Tertiary,2010,1822,0.00013673900463545256,2010/03/17 21:00:00
ES51,Heating Tertiary,2010,1823,0.00015391100521758343,2010/03/17 22:00:00
ES51,Heating Tertiary,2010,1824,0.00017906700607037192,2010/03/17 23:00:00
ES51,Heating Tertiary,2010,1825,0.00018540600628526402,2010/03/18 00:00:00
ES51,Heating Tertiary,2010,1826,0.0002100150071195092,2010/03/18 01:00:00
ES51,Heating Tertiary,2010,1827,0.0002288460077578802,2010/03/18 02:00:00
ES51,Heating Tertiary,2010,1828,0.0002401700081417638,2010/03/18 03:00:00
ES51,Heating Tertiary,2010,1829,0.00024604200834082464,2010/03/18 04:00:00
ES51,Heating Tertiary,2010,1830,0.00024822000841465884,2010/03/18 05:00:00
ES51,Heating Tertiary,2010,1831,0.00024363000825905782,2010/03/18 06:00:00
ES51,Heating Tertiary,2010,1832,0.0002291800077692028,2010/03/18 07:00:00
ES51,Heating Tertiary,2010,1833,0.0002065410070017406,2010/03/18 08:00:00
ES51,Heating Tertiary,2010,1834,0.00018067900612501873,2010/03/18 09:00:00
ES51,Heating Tertiary,2010,1835,0.00015747200533830133,2010/03/18 10:00:00
ES51,Heating Tertiary,2010,1836,0.00013955000473074548,2010/03/18 11:00:00
ES51,Heating Tertiary,2010,1837,0.00012710200430875824,2010/03/18 12:00:00
ES51,Heating Tertiary,2010,1838,0.000117794003993217,2010/03/18 13:00:00
ES51,Heating Tertiary,2010,1839,0.00011154800378147758,2010/03/18 14:00:00
ES51,Heating Tertiary,2010,1840,0.00010877900368760847,2010/03/18 15:00:00
ES51,Heating Tertiary,2010,1841,0.00010893000369272737,2010/03/18 16:00:00
ES51,Heating Tertiary,2010,1842,0.00011004000373035638,2010/03/18 17:00:00
ES51,Heating Tertiary,2010,1843,0.00011041200374296718,2010/03/18 18:00:00
ES51,Heating Tertiary,2010,1844,0.00011102100376361227,2010/03/18 19:00:00
ES51,Heating Tertiary,2010,1845,0.00011374200385585419,2010/03/18 20:00:00
ES51,Heating Tertiary,2010,1846,0.00012162500412308791,2010/03/18 21:00:00
ES51,Heating Tertiary,2010,1847,0.00013690000464091048,2010/03/18 22:00:00
ES51,Heating Tertiary,2010,1848,0.00015927500539942305,2010/03/18 23:00:00
ES51,Heating Tertiary,2010,1849,0.00016298900552532767,2010/03/19 00:00:00
ES51,Heating Tertiary,2010,1850,0.00018462200625868645,2010/03/19 01:00:00
ES51,Heating Tertiary,2010,1851,0.00020117700681990098,2010/03/19 02:00:00
ES51,Heating Tertiary,2010,1852,0.00021113200715737552,2010/03/19 03:00:00
ES51,Heating Tertiary,2010,1853,0.00021629300733233344,2010/03/19 04:00:00
ES51,Heating Tertiary,2010,1854,0.00021820900739728585,2010/03/19 05:00:00
ES51,Heating Tertiary,2010,1855,0.00021417300726046543,2010/03/19 06:00:00
ES51,Heating Tertiary,2010,1856,0.0002014710068298676,2010/03/19 07:00:00
ES51,Heating Tertiary,2010,1857,0.00018156900615518972,2010/03/19 08:00:00
ES51,Heating Tertiary,2010,1858,0.00015883300538443925,2010/03/19 09:00:00
ES51,Heating Tertiary,2010,1859,0.00013843400469291307,2010/03/19 10:00:00
ES51,Heating Tertiary,2010,1860,0.00012267700415875073,2010/03/19 11:00:00
ES51,Heating Tertiary,2010,1861,0.00011173500378781688,2010/03/19 12:00:00
ES51,Heating Tertiary,2010,1862,0.00010355100351037926,2010/03/19 13:00:00
ES51,Heating Tertiary,2010,1863,9.806110332427162e-05,2010/03/19 14:00:00
ES51,Heating Tertiary,2010,1864,9.562670324174546e-05,2010/03/19 15:00:00
ES51,Heating Tertiary,2010,1865,9.57593032462406e-05,2010/03/19 16:00:00
ES51,Heating Tertiary,2010,1866,9.673540327933038e-05,2010/03/19 17:00:00
ES51,Heating Tertiary,2010,1867,9.706310329043942e-05,2010/03/19 18:00:00
ES51,Heating Tertiary,2010,1868,9.759860330859287e-05,2010/03/19 19:00:00
ES51,Heating Tertiary,2010,1869,9.998990338965796e-05,2010/03/19 20:00:00
ES51,Heating Tertiary,2010,1870,0.00010692000362458837,2010/03/19 21:00:00
ES51,Heating Tertiary,2010,1871,0.00012034800407979761,2010/03/19 22:00:00
ES51,Heating Tertiary,2010,1872,0.00014001700474657676,2010/03/19 23:00:00
ES51,Heating Tertiary,2010,1873,0.00014781800501103065,2010/03/20 00:00:00
ES51,Heating Tertiary,2010,1874,0.00016831600570591293,2010/03/20 01:00:00
ES51,Heating Tertiary,2010,1875,0.0001832970062137689,2010/03/20 02:00:00
ES51,Heating Tertiary,2010,1876,0.00019188200650480046,2010/03/20 03:00:00
ES51,Heating Tertiary,2010,1877,0.00019707300668077537,2010/03/20 04:00:00
ES51,Heating Tertiary,2010,1878,0.00019979400677301728,2010/03/20 05:00:00
ES51,Heating Tertiary,2010,1879,0.00019695600667680907,2010/03/20 06:00:00
ES51,Heating Tertiary,2010,1880,0.00018629100631526553,2010/03/20 07:00:00
ES51,Heating Tertiary,2010,1881,0.00016905600573099893,2010/03/20 08:00:00
ES51,Heating Tertiary,2010,1882,0.00014876300504306622,2010/03/20 09:00:00
ES51,Heating Tertiary,2010,1883,0.00012926700438215173,2010/03/20 10:00:00
ES51,Heating Tertiary,2010,1884,0.0001136560038529388,2010/03/20 11:00:00
ES51,Heating Tertiary,2010,1885,0.00010249400347454694,2010/03/20 12:00:00
ES51,Heating Tertiary,2010,1886,9.430150319682117e-05,2010/03/20 13:00:00
ES51,Heating Tertiary,2010,1887,8.853030300117747e-05,2010/03/20 14:00:00
ES51,Heating Tertiary,2010,1888,8.59908029150884e-05,2010/03/20 15:00:00
ES51,Heating Tertiary,2010,1889,8.631910292621779e-05,2010/03/20 16:00:00
ES51,Heating Tertiary,2010,1890,8.747550296541975e-05,2010/03/20 17:00:00
ES51,Heating Tertiary,2010,1891,8.784090297780681e-05,2010/03/20 18:00:00
ES51,Heating Tertiary,2010,1892,8.776370297518973e-05,2010/03/20 19:00:00
ES51,Heating Tertiary,2010,1893,8.887590301289331e-05,2010/03/20 20:00:00
ES51,Heating Tertiary,2010,1894,9.410200319005812e-05,2010/03/20 21:00:00
ES51,Heating Tertiary,2010,1895,0.00010624300360163805,2010/03/20 22:00:00
ES51,Heating Tertiary,2010,1896,0.00012513000424190743,2010/03/20 23:00:00
ES51,Heating Tertiary,2010,1897,7.939220269139585e-05,2010/03/21 00:00:00
ES51,Heating Tertiary,2010,1898,9.145860310044685e-05,2010/03/21 01:00:00
ES51,Heating Tertiary,2010,1899,0.00010120100343071423,2010/03/21 02:00:00
ES51,Heating Tertiary,2010,1900,0.00010720100363411426,2010/03/21 03:00:00
ES51,Heating Tertiary,2010,1901,0.00010993000372662738,2010/03/21 04:00:00
ES51,Heating Tertiary,2010,1902,0.00011086600375835778,2010/03/21 05:00:00
ES51,Heating Tertiary,2010,1903,0.00010887200369076117,2010/03/21 06:00:00
ES51,Heating Tertiary,2010,1904,0.00010301500349220886,2010/03/21 07:00:00
ES51,Heating Tertiary,2010,1905,9.372770317736935e-05,2010/03/21 08:00:00
ES51,Heating Tertiary,2010,1906,8.276930280587955e-05,2010/03/21 09:00:00
ES51,Heating Tertiary,2010,1907,7.249010245741463e-05,2010/03/21 10:00:00
ES51,Heating Tertiary,2010,1908,6.456910218889272e-05,2010/03/21 11:00:00
ES51,Heating Tertiary,2010,1909,5.910080200351732e-05,2010/03/21 12:00:00
ES51,Heating Tertiary,2010,1910,5.488600186063559e-05,2010/03/21 13:00:00
ES51,Heating Tertiary,2010,1911,5.1639701750586004e-05,2010/03/21 14:00:00
ES51,Heating Tertiary,2010,1912,4.984710168981686e-05,2010/03/21 15:00:00
ES51,Heating Tertiary,2010,1913,4.904890166275788e-05,2010/03/21 16:00:00
ES51,Heating Tertiary,2010,1914,4.86647016497335e-05,2010/03/21 17:00:00
ES51,Heating Tertiary,2010,1915,4.804920162886804e-05,2010/03/21 18:00:00
ES51,Heating Tertiary,2010,1916,4.783710162167785e-05,2010/03/21 19:00:00
ES51,Heating Tertiary,2010,1917,4.869490165075727e-05,2010/03/21 20:00:00
ES51,Heating Tertiary,2010,1918,5.178320175545066e-05,2010/03/21 21:00:00
ES51,Heating Tertiary,2010,1919,5.81310019706411e-05,2010/03/21 22:00:00
ES51,Heating Tertiary,2010,1920,6.760260229172837e-05,2010/03/21 23:00:00
ES51,Heating Tertiary,2010,1921,9.760660330886408e-05,2010/03/22 00:00:00
ES51,Heating Tertiary,2010,1922,0.00011056200374805218,2010/03/22 01:00:00
ES51,Heating Tertiary,2010,1923,0.00012047600408413681,2010/03/22 02:00:00
ES51,Heating Tertiary,2010,1924,0.00012643800428624864,2010/03/22 03:00:00
ES51,Heating Tertiary,2010,1925,0.00012952800439099962,2010/03/22 04:00:00
ES51,Heating Tertiary,2010,1926,0.00013067600442991686,2010/03/22 05:00:00
ES51,Heating Tertiary,2010,1927,0.00012825900434798053,2010/03/22 06:00:00
ES51,Heating Tertiary,2010,1928,0.00012065200409010321,2010/03/22 07:00:00
ES51,Heating Tertiary,2010,1929,0.00010873400368608297,2010/03/22 08:00:00
ES51,Heating Tertiary,2010,1930,9.511810322450392e-05,2010/03/22 09:00:00
ES51,Heating Tertiary,2010,1931,8.290130281035436e-05,2010/03/22 10:00:00
ES51,Heating Tertiary,2010,1932,7.34655024904807e-05,2010/03/22 11:00:00
ES51,Heating Tertiary,2010,1933,6.691260226833736e-05,2010/03/22 12:00:00
ES51,Heating Tertiary,2010,1934,6.201220210221379e-05,2010/03/22 13:00:00
ES51,Heating Tertiary,2010,1935,5.8724201990750585e-05,2010/03/22 14:00:00
ES51,Heating Tertiary,2010,1936,5.7266401941331154e-05,2010/03/22 15:00:00
ES51,Heating Tertiary,2010,1937,5.734590194402621e-05,2010/03/22 16:00:00
ES51,Heating Tertiary,2010,1938,5.7930401963840755e-05,2010/03/22 17:00:00
ES51,Heating Tertiary,2010,1939,5.812660197049194e-05,2010/03/22 18:00:00
ES51,Heating Tertiary,2010,1940,5.8447301981363667e-05,2010/03/22 19:00:00
ES51,Heating Tertiary,2010,1941,5.987940202991186e-05,2010/03/22 20:00:00
ES51,Heating Tertiary,2010,1942,6.402910217058671e-05,2010/03/22 21:00:00
ES51,Heating Tertiary,2010,1943,7.207070244319697e-05,2010/03/22 22:00:00
ES51,Heating Tertiary,2010,1944,8.385020284252207e-05,2010/03/22 23:00:00
ES51,Heating Tertiary,2010,1945,0.0001195560040529488,2010/03/23 00:00:00
ES51,Heating Tertiary,2010,1946,0.00013542600459094187,2010/03/23 01:00:00
ES51,Heating Tertiary,2010,1947,0.00014756800500255566,2010/03/23 02:00:00
ES51,Heating Tertiary,2010,1948,0.00015487000525009353,2010/03/23 03:00:00
ES51,Heating Tertiary,2010,1949,0.00015865600537843895,2010/03/23 04:00:00
ES51,Heating Tertiary,2010,1950,0.00016006200542610234,2010/03/23 05:00:00
ES51,Heating Tertiary,2010,1951,0.00015710200532575834,2010/03/23 06:00:00
ES51,Heating Tertiary,2010,1952,0.0001477840050098781,2010/03/23 07:00:00
ES51,Heating Tertiary,2010,1953,0.00013318600451500586,2010/03/23 08:00:00
ES51,Heating Tertiary,2010,1954,0.0001165090039496555,2010/03/23 09:00:00
ES51,Heating Tertiary,2010,1955,0.00010154400344234194,2010/03/23 10:00:00
ES51,Heating Tertiary,2010,1956,8.998650305054266e-05,2010/03/23 11:00:00
ES51,Heating Tertiary,2010,1957,8.19598027784375e-05,2010/03/23 12:00:00
ES51,Heating Tertiary,2010,1958,7.59575025749595e-05,2010/03/23 13:00:00
ES51,Heating Tertiary,2010,1959,7.193020243843403e-05,2010/03/23 14:00:00
ES51,Heating Tertiary,2010,1960,7.014460237790218e-05,2010/03/23 15:00:00
ES51,Heating Tertiary,2010,1961,7.024170238119386e-05,2010/03/23 16:00:00
ES51,Heating Tertiary,2010,1962,7.095780240546967e-05,2010/03/23 17:00:00
ES51,Heating Tertiary,2010,1963,7.119820241361922e-05,2010/03/23 18:00:00
ES51,Heating Tertiary,2010,1964,7.159090242693176e-05,2010/03/23 19:00:00
ES51,Heating Tertiary,2010,1965,7.334500248639574e-05,2010/03/23 20:00:00
ES51,Heating Tertiary,2010,1966,7.842810265871286e-05,2010/03/23 21:00:00
ES51,Heating Tertiary,2010,1967,8.827810299262788e-05,2010/03/23 22:00:00
ES51,Heating Tertiary,2010,1968,0.00010270600348173376,2010/03/23 23:00:00
ES51,Heating Tertiary,2010,1969,0.0001195560040529488,2010/03/24 00:00:00
ES51,Heating Tertiary,2010,1970,0.00013542600459094187,2010/03/24 01:00:00
ES51,Heating Tertiary,2010,1971,0.00014756800500255566,2010/03/24 02:00:00
ES51,Heating Tertiary,2010,1972,0.00015487000525009353,2010/03/24 03:00:00
ES51,Heating Tertiary,2010,1973,0.00015865600537843895,2010/03/24 04:00:00
ES51,Heating Tertiary,2010,1974,0.00016006200542610234,2010/03/24 05:00:00
ES51,Heating Tertiary,2010,1975,0.00015710200532575834,2010/03/24 06:00:00
ES51,Heating Tertiary,2010,1976,0.0001477840050098781,2010/03/24 07:00:00
ES51,Heating Tertiary,2010,1977,0.00013318600451500586,2010/03/24 08:00:00
ES51,Heating Tertiary,2010,1978,0.0001165090039496555,2010/03/24 09:00:00
ES51,Heating Tertiary,2010,1979,0.00010154400344234194,2010/03/24 10:00:00
ES51,Heating Tertiary,2010,1980,8.998650305054266e-05,2010/03/24 11:00:00
ES51,Heating Tertiary,2010,1981,8.19598027784375e-05,2010/03/24 12:00:00
ES51,Heating Tertiary,2010,1982,7.59575025749595e-05,2010/03/24 13:00:00
ES51,Heating Tertiary,2010,1983,7.193020243843403e-05,2010/03/24 14:00:00
ES51,Heating Tertiary,2010,1984,7.014460237790218e-05,2010/03/24 15:00:00
ES51,Heating Tertiary,2010,1985,7.024170238119386e-05,2010/03/24 16:00:00
ES51,Heating Tertiary,2010,1986,7.095780240546967e-05,2010/03/24 17:00:00
ES51,Heating Tertiary,2010,1987,7.119820241361922e-05,2010/03/24 18:00:00
ES51,Heating Tertiary,2010,1988,7.159090242693176e-05,2010/03/24 19:00:00
ES51,Heating Tertiary,2010,1989,7.334500248639574e-05,2010/03/24 20:00:00
ES51,Heating Tertiary,2010,1990,7.842810265871286e-05,2010/03/24 21:00:00
ES51,Heating Tertiary,2010,1991,8.827810299262788e-05,2010/03/24 22:00:00
ES51,Heating Tertiary,2010,1992,0.00010270600348173376,2010/03/24 23:00:00
ES51,Heating Tertiary,2010,1993,0.00014103900478122257,2010/03/25 00:00:00
ES51,Heating Tertiary,2010,1994,0.00015975900541583064,2010/03/25 01:00:00
ES51,Heating Tertiary,2010,1995,0.0001740840059014482,2010/03/25 02:00:00
ES51,Heating Tertiary,2010,1996,0.00018269900619349673,2010/03/25 03:00:00
ES51,Heating Tertiary,2010,1997,0.00018716500634489413,2010/03/25 04:00:00
ES51,Heating Tertiary,2010,1998,0.00018882300640110034,2010/03/25 05:00:00
ES51,Heating Tertiary,2010,1999,0.00018533000628268763,2010/03/25 06:00:00
ES51,Heating Tertiary,2010,2000,0.00017433900591009273,2010/03/25 07:00:00
ES51,Heating Tertiary,2010,2001,0.00015711700532626687,2010/03/25 08:00:00
ES51,Heating Tertiary,2010,2002,0.00013744300465931816,2010/03/25 09:00:00
ES51,Heating Tertiary,2010,2003,0.0001197910040609153,2010/03/25 10:00:00
ES51,Heating Tertiary,2010,2004,0.00010615600359868876,2010/03/25 11:00:00
ES51,Heating Tertiary,2010,2005,9.668700327768962e-05,2010/03/25 12:00:00
ES51,Heating Tertiary,2010,2006,8.96061030376471e-05,2010/03/25 13:00:00
ES51,Heating Tertiary,2010,2007,8.485520287659157e-05,2010/03/25 14:00:00
ES51,Heating Tertiary,2010,2008,8.274870280518121e-05,2010/03/25 15:00:00
ES51,Heating Tertiary,2010,2009,8.286330280906615e-05,2010/03/25 16:00:00
ES51,Heating Tertiary,2010,2010,8.370800283770149e-05,2010/03/25 17:00:00
ES51,Heating Tertiary,2010,2011,8.399160284731553e-05,2010/03/25 18:00:00
ES51,Heating Tertiary,2010,2012,8.44549028630214e-05,2010/03/25 19:00:00
ES51,Heating Tertiary,2010,2013,8.65241029331673e-05,2010/03/25 20:00:00
ES51,Heating Tertiary,2010,2014,9.252060313644865e-05,2010/03/25 21:00:00
ES51,Heating Tertiary,2010,2015,0.00010414000353034636,2010/03/25 22:00:00
ES51,Heating Tertiary,2010,2016,0.00012116200410739222,2010/03/25 23:00:00
ES51,Heating Tertiary,2010,2017,0.0001195560040529488,2010/03/26 00:00:00
ES51,Heating Tertiary,2010,2018,0.00013542600459094187,2010/03/26 01:00:00
ES51,Heating Tertiary,2010,2019,0.00014756800500255566,2010/03/26 02:00:00
ES51,Heating Tertiary,2010,2020,0.00015487000525009353,2010/03/26 03:00:00
ES51,Heating Tertiary,2010,2021,0.00015865600537843895,2010/03/26 04:00:00
ES51,Heating Tertiary,2010,2022,0.00016006200542610234,2010/03/26 05:00:00
ES51,Heating Tertiary,2010,2023,0.00015710200532575834,2010/03/26 06:00:00
ES51,Heating Tertiary,2010,2024,0.0001477840050098781,2010/03/26 07:00:00
ES51,Heating Tertiary,2010,2025,0.00013318600451500586,2010/03/26 08:00:00
ES51,Heating Tertiary,2010,2026,0.0001165090039496555,2010/03/26 09:00:00
ES51,Heating Tertiary,2010,2027,0.00010154400344234194,2010/03/26 10:00:00
ES51,Heating Tertiary,2010,2028,8.998650305054266e-05,2010/03/26 11:00:00
ES51,Heating Tertiary,2010,2029,8.19598027784375e-05,2010/03/26 12:00:00
ES51,Heating Tertiary,2010,2030,7.59575025749595e-05,2010/03/26 13:00:00
ES51,Heating Tertiary,2010,2031,7.193020243843403e-05,2010/03/26 14:00:00
ES51,Heating Tertiary,2010,2032,7.014460237790218e-05,2010/03/26 15:00:00
ES51,Heating Tertiary,2010,2033,7.024170238119386e-05,2010/03/26 16:00:00
ES51,Heating Tertiary,2010,2034,7.095780240546967e-05,2010/03/26 17:00:00
ES51,Heating Tertiary,2010,2035,7.119820241361922e-05,2010/03/26 18:00:00
ES51,Heating Tertiary,2010,2036,7.159090242693176e-05,2010/03/26 19:00:00
ES51,Heating Tertiary,2010,2037,7.334500248639574e-05,2010/03/26 20:00:00
ES51,Heating Tertiary,2010,2038,7.842810265871286e-05,2010/03/26 21:00:00
ES51,Heating Tertiary,2010,2039,8.827810299262788e-05,2010/03/26 22:00:00
ES51,Heating Tertiary,2010,2040,0.00010270600348173376,2010/03/26 23:00:00
ES51,Heating Tertiary,2010,2041,0.0001253030042477721,2010/03/27 00:00:00
ES51,Heating Tertiary,2010,2042,0.00014267900483681858,2010/03/27 01:00:00
ES51,Heating Tertiary,2010,2043,0.00015537700526728083,2010/03/27 02:00:00
ES51,Heating Tertiary,2010,2044,0.00016265500551400504,2010/03/27 03:00:00
ES51,Heating Tertiary,2010,2045,0.00016705600566319892,2010/03/27 04:00:00
ES51,Heating Tertiary,2010,2046,0.00016936200574137238,2010/03/27 05:00:00
ES51,Heating Tertiary,2010,2047,0.00016695500565977507,2010/03/27 06:00:00
ES51,Heating Tertiary,2010,2048,0.00015791600535335293,2010/03/27 07:00:00
ES51,Heating Tertiary,2010,2049,0.0001433060048580739,2010/03/27 08:00:00
ES51,Heating Tertiary,2010,2050,0.00012610200427485822,2010/03/27 09:00:00
ES51,Heating Tertiary,2010,2051,0.00010957700371466067,2010/03/27 10:00:00
ES51,Heating Tertiary,2010,2052,9.63442032660687e-05,2010/03/27 11:00:00
ES51,Heating Tertiary,2010,2053,8.688240294531366e-05,2010/03/27 12:00:00
ES51,Heating Tertiary,2010,2054,7.993780270989168e-05,2010/03/27 13:00:00
ES51,Heating Tertiary,2010,2055,7.504550254404271e-05,2010/03/27 14:00:00
ES51,Heating Tertiary,2010,2056,7.289290247106956e-05,2010/03/27 15:00:00
ES51,Heating Tertiary,2010,2057,7.317120248050393e-05,2010/03/27 16:00:00
ES51,Heating Tertiary,2010,2058,7.41515025137361e-05,2010/03/27 17:00:00
ES51,Heating Tertiary,2010,2059,7.446110252423154e-05,2010/03/27 18:00:00
ES51,Heating Tertiary,2010,2060,7.439580252201787e-05,2010/03/27 19:00:00
ES51,Heating Tertiary,2010,2061,7.53386025539788e-05,2010/03/27 20:00:00
ES51,Heating Tertiary,2010,2062,7.97687027041592e-05,2010/03/27 21:00:00
ES51,Heating Tertiary,2010,2063,9.00601030530377e-05,2010/03/27 22:00:00
ES51,Heating Tertiary,2010,2064,0.00010607000359577336,2010/03/27 23:00:00
ES51,Heating Tertiary,2010,2065,0.00012392900420119354,2010/03/28 00:00:00
ES51,Heating Tertiary,2010,2066,0.00014276500483973397,2010/03/28 01:00:00
ES51,Heating Tertiary,2010,2067,0.00015797200535525136,2010/03/28 02:00:00
ES51,Heating Tertiary,2010,2068,0.00016733900567279268,2010/03/28 03:00:00
ES51,Heating Tertiary,2010,2069,0.00017159900581720672,2010/03/28 04:00:00
ES51,Heating Tertiary,2010,2070,0.0001730600058667346,2010/03/28 05:00:00
ES51,Heating Tertiary,2010,2071,0.00016994600576116997,2010/03/28 06:00:00
ES51,Heating Tertiary,2010,2072,0.00016080300545122224,2010/03/28 07:00:00
ES51,Heating Tertiary,2010,2073,0.0001463060049597739,2010/03/28 08:00:00
ES51,Heating Tertiary,2010,2074,0.00012920100437991433,2010/03/28 09:00:00
ES51,Heating Tertiary,2010,2075,0.00011315600383598879,2010/03/28 10:00:00
ES51,Heating Tertiary,2010,2076,0.00010079100341681524,2010/03/28 11:00:00
ES51,Heating Tertiary,2010,2077,9.225490312744143e-05,2010/03/28 12:00:00
ES51,Heating Tertiary,2010,2078,8.567560290440313e-05,2010/03/28 13:00:00
ES51,Heating Tertiary,2010,2079,8.060830273262164e-05,2010/03/28 14:00:00
ES51,Heating Tertiary,2010,2080,7.781000263775926e-05,2010/03/28 15:00:00
ES51,Heating Tertiary,2010,2081,7.656400259551985e-05,2010/03/28 16:00:00
ES51,Heating Tertiary,2010,2082,7.596430257519002e-05,2010/03/28 17:00:00
ES51,Heating Tertiary,2010,2083,7.50036025426223e-05,2010/03/28 18:00:00
ES51,Heating Tertiary,2010,2084,7.467260253140139e-05,2010/03/28 19:00:00
ES51,Heating Tertiary,2010,2085,7.601150257679011e-05,2010/03/28 20:00:00
ES51,Heating Tertiary,2010,2086,8.083230274021525e-05,2010/03/28 21:00:00
ES51,Heating Tertiary,2010,2087,9.07411030761236e-05,2010/03/28 22:00:00
ES51,Heating Tertiary,2010,2088,0.00010552600357733176,2010/03/28 23:00:00
ES51,Heating Tertiary,2010,2089,0.0001195560040529488,2010/03/29 00:00:00
ES51,Heating Tertiary,2010,2090,0.00013542600459094187,2010/03/29 01:00:00
ES51,Heating Tertiary,2010,2091,0.00014756800500255566,2010/03/29 02:00:00
ES51,Heating Tertiary,2010,2092,0.00015487000525009353,2010/03/29 03:00:00
ES51,Heating Tertiary,2010,2093,0.00015865600537843895,2010/03/29 04:00:00
ES51,Heating Tertiary,2010,2094,0.00016006200542610234,2010/03/29 05:00:00
ES51,Heating Tertiary,2010,2095,0.00015710200532575834,2010/03/29 06:00:00
ES51,Heating Tertiary,2010,2096,0.0001477840050098781,2010/03/29 07:00:00
ES51,Heating Tertiary,2010,2097,0.00013318600451500586,2010/03/29 08:00:00
ES51,Heating Tertiary,2010,2098,0.0001165090039496555,2010/03/29 09:00:00
ES51,Heating Tertiary,2010,2099,0.00010154400344234194,2010/03/29 10:00:00
ES51,Heating Tertiary,2010,2100,8.998650305054266e-05,2010/03/29 11:00:00
ES51,Heating Tertiary,2010,2101,8.19598027784375e-05,2010/03/29 12:00:00
ES51,Heating Tertiary,2010,2102,7.59575025749595e-05,2010/03/29 13:00:00
ES51,Heating Tertiary,2010,2103,7.193020243843403e-05,2010/03/29 14:00:00
ES51,Heating Tertiary,2010,2104,7.014460237790218e-05,2010/03/29 15:00:00
ES51,Heating Tertiary,2010,2105,7.024170238119386e-05,2010/03/29 16:00:00
ES51,Heating Tertiary,2010,2106,7.095780240546967e-05,2010/03/29 17:00:00
ES51,Heating Tertiary,2010,2107,7.119820241361922e-05,2010/03/29 18:00:00
ES51,Heating Tertiary,2010,2108,7.159090242693176e-05,2010/03/29 19:00:00
ES51,Heating Tertiary,2010,2109,7.334500248639574e-05,2010/03/29 20:00:00
ES51,Heating Tertiary,2010,2110,7.842810265871286e-05,2010/03/29 21:00:00
ES51,Heating Tertiary,2010,2111,8.827810299262788e-05,2010/03/29 22:00:00
ES51,Heating Tertiary,2010,2112,0.00010270600348173376,2010/03/29 23:00:00
ES51,Heating Tertiary,2010,2113,0.0001195560040529488,2010/03/30 00:00:00
ES51,Heating Tertiary,2010,2114,0.00013542600459094187,2010/03/30 01:00:00
ES51,Heating Tertiary,2010,2115,0.00014756800500255566,2010/03/30 02:00:00
ES51,Heating Tertiary,2010,2116,0.00015487000525009353,2010/03/30 03:00:00
ES51,Heating Tertiary,2010,2117,0.00015865600537843895,2010/03/30 04:00:00
ES51,Heating Tertiary,2010,2118,0.00016006200542610234,2010/03/30 05:00:00
ES51,Heating Tertiary,2010,2119,0.00015710200532575834,2010/03/30 06:00:00
ES51,Heating Tertiary,2010,2120,0.0001477840050098781,2010/03/30 07:00:00
ES51,Heating Tertiary,2010,2121,0.00013318600451500586,2010/03/30 08:00:00
ES51,Heating Tertiary,2010,2122,0.0001165090039496555,2010/03/30 09:00:00
ES51,Heating Tertiary,2010,2123,0.00010154400344234194,2010/03/30 10:00:00
ES51,Heating Tertiary,2010,2124,8.998650305054266e-05,2010/03/30 11:00:00
ES51,Heating Tertiary,2010,2125,8.19598027784375e-05,2010/03/30 12:00:00
ES51,Heating Tertiary,2010,2126,7.59575025749595e-05,2010/03/30 13:00:00
ES51,Heating Tertiary,2010,2127,7.193020243843403e-05,2010/03/30 14:00:00
ES51,Heating Tertiary,2010,2128,7.014460237790218e-05,2010/03/30 15:00:00
ES51,Heating Tertiary,2010,2129,7.024170238119386e-05,2010/03/30 16:00:00
ES51,Heating Tertiary,2010,2130,7.095780240546967e-05,2010/03/30 17:00:00
ES51,Heating Tertiary,2010,2131,7.119820241361922e-05,2010/03/30 18:00:00
ES51,Heating Tertiary,2010,2132,7.159090242693176e-05,2010/03/30 19:00:00
ES51,Heating Tertiary,2010,2133,7.334500248639574e-05,2010/03/30 20:00:00
ES51,Heating Tertiary,2010,2134,7.842810265871286e-05,2010/03/30 21:00:00
ES51,Heating Tertiary,2010,2135,8.827810299262788e-05,2010/03/30 22:00:00
ES51,Heating Tertiary,2010,2136,0.00010270600348173376,2010/03/30 23:00:00
ES51,Heating Tertiary,2010,2137,0.0001195560040529488,2010/03/31 00:00:00
ES51,Heating Tertiary,2010,2138,0.00013542600459094187,2010/03/31 01:00:00
ES51,Heating Tertiary,2010,2139,0.00014756800500255566,2010/03/31 02:00:00
ES51,Heating Tertiary,2010,2140,0.00015487000525009353,2010/03/31 03:00:00
ES51,Heating Tertiary,2010,2141,0.00015865600537843895,2010/03/31 04:00:00
ES51,Heating Tertiary,2010,2142,0.00016006200542610234,2010/03/31 05:00:00
ES51,Heating Tertiary,2010,2143,0.00015710200532575834,2010/03/31 06:00:00
ES51,Heating Tertiary,2010,2144,0.0001477840050098781,2010/03/31 07:00:00
ES51,Heating Tertiary,2010,2145,0.00013318600451500586,2010/03/31 08:00:00
ES51,Heating Tertiary,2010,2146,0.0001165090039496555,2010/03/31 09:00:00
ES51,Heating Tertiary,2010,2147,0.00010154400344234194,2010/03/31 10:00:00
ES51,Heating Tertiary,2010,2148,8.998650305054266e-05,2010/03/31 11:00:00
ES51,Heating Tertiary,2010,2149,8.19598027784375e-05,2010/03/31 12:00:00
ES51,Heating Tertiary,2010,2150,7.59575025749595e-05,2010/03/31 13:00:00
ES51,Heating Tertiary,2010,2151,7.193020243843403e-05,2010/03/31 14:00:00
ES51,Heating Tertiary,2010,2152,7.014460237790218e-05,2010/03/31 15:00:00
ES51,Heating Tertiary,2010,2153,7.024170238119386e-05,2010/03/31 16:00:00
ES51,Heating Tertiary,2010,2154,7.095780240546967e-05,2010/03/31 17:00:00
ES51,Heating Tertiary,2010,2155,7.119820241361922e-05,2010/03/31 18:00:00
ES51,Heating Tertiary,2010,2156,7.159090242693176e-05,2010/03/31 19:00:00
ES51,Heating Tertiary,2010,2157,7.334500248639574e-05,2010/03/31 20:00:00
ES51,Heating Tertiary,2010,2158,7.842810265871286e-05,2010/03/31 21:00:00
ES51,Heating Tertiary,2010,2159,8.827810299262788e-05,2010/03/31 22:00:00
ES51,Heating Tertiary,2010,2160,0.00010270600348173376,2010/03/31 23:00:00
ES51,Heating Tertiary,2010,2161,0.00014103900478122257,2010/04/01 00:00:00
ES51,Heating Tertiary,2010,2162,0.00015975900541583064,2010/04/01 01:00:00
ES51,Heating Tertiary,2010,2163,0.0001740840059014482,2010/04/01 02:00:00
ES51,Heating Tertiary,2010,2164,0.00018269900619349673,2010/04/01 03:00:00
ES51,Heating Tertiary,2010,2165,0.00018716500634489413,2010/04/01 04:00:00
ES51,Heating Tertiary,2010,2166,0.00018882300640110034,2010/04/01 05:00:00
ES51,Heating Tertiary,2010,2167,0.00018533000628268763,2010/04/01 06:00:00
ES51,Heating Tertiary,2010,2168,0.00017433900591009273,2010/04/01 07:00:00
ES51,Heating Tertiary,2010,2169,0.00015711700532626687,2010/04/01 08:00:00
ES51,Heating Tertiary,2010,2170,0.00013744300465931816,2010/04/01 09:00:00
ES51,Heating Tertiary,2010,2171,0.0001197910040609153,2010/04/01 10:00:00
ES51,Heating Tertiary,2010,2172,0.00010615600359868876,2010/04/01 11:00:00
ES51,Heating Tertiary,2010,2173,9.668700327768962e-05,2010/04/01 12:00:00
ES51,Heating Tertiary,2010,2174,8.96061030376471e-05,2010/04/01 13:00:00
ES51,Heating Tertiary,2010,2175,8.485520287659157e-05,2010/04/01 14:00:00
ES51,Heating Tertiary,2010,2176,8.274870280518121e-05,2010/04/01 15:00:00
ES51,Heating Tertiary,2010,2177,8.286330280906615e-05,2010/04/01 16:00:00
ES51,Heating Tertiary,2010,2178,8.370800283770149e-05,2010/04/01 17:00:00
ES51,Heating Tertiary,2010,2179,8.399160284731553e-05,2010/04/01 18:00:00
ES51,Heating Tertiary,2010,2180,8.44549028630214e-05,2010/04/01 19:00:00
ES51,Heating Tertiary,2010,2181,8.65241029331673e-05,2010/04/01 20:00:00
ES51,Heating Tertiary,2010,2182,9.252060313644865e-05,2010/04/01 21:00:00
ES51,Heating Tertiary,2010,2183,0.00010414000353034636,2010/04/01 22:00:00
ES51,Heating Tertiary,2010,2184,0.00012116200410739222,2010/04/01 23:00:00
ES51,Heating Tertiary,2010,2185,0.00019218700651513996,2010/04/02 00:00:00
ES51,Heating Tertiary,2010,2186,0.00022139700750535904,2010/04/02 01:00:00
ES51,Heating Tertiary,2010,2187,0.0002449810083048567,2010/04/02 02:00:00
ES51,Heating Tertiary,2010,2188,0.00025950600879725427,2010/04/02 03:00:00
ES51,Heating Tertiary,2010,2189,0.00026611300902123163,2010/04/02 04:00:00
ES51,Heating Tertiary,2010,2190,0.00026837700909798125,2010/04/02 05:00:00
ES51,Heating Tertiary,2010,2191,0.0002635500089343459,2010/04/02 06:00:00
ES51,Heating Tertiary,2010,2192,0.00024937200845371167,2010/04/02 07:00:00
ES51,Heating Tertiary,2010,2193,0.00022689000769157176,2010/04/02 08:00:00
ES51,Heating Tertiary,2010,2194,0.00020036200679227246,2010/04/02 09:00:00
ES51,Heating Tertiary,2010,2195,0.0001754790059487387,2010/04/02 10:00:00
ES51,Heating Tertiary,2010,2196,0.00015630400529870612,2010/04/02 11:00:00
ES51,Heating Tertiary,2010,2197,0.0001430670048499718,2010/04/02 12:00:00
ES51,Heating Tertiary,2010,2198,0.00013286400450409006,2010/04/02 13:00:00
ES51,Heating Tertiary,2010,2199,0.00012500600423770382,2010/04/02 14:00:00
ES51,Heating Tertiary,2010,2200,0.00012066600409057781,2010/04/02 15:00:00
ES51,Heating Tertiary,2010,2201,0.00011873400402508299,2010/04/02 16:00:00
ES51,Heating Tertiary,2010,2202,0.000117804003993556,2010/04/02 17:00:00
ES51,Heating Tertiary,2010,2203,0.00011631400394304499,2010/04/02 18:00:00
ES51,Heating Tertiary,2010,2204,0.0001158010039256543,2010/04/02 19:00:00
ES51,Heating Tertiary,2010,2205,0.0001178770039960307,2010/04/02 20:00:00
ES51,Heating Tertiary,2010,2206,0.00012535300424946713,2010/04/02 21:00:00
ES51,Heating Tertiary,2010,2207,0.00014071900477037459,2010/04/02 22:00:00
ES51,Heating Tertiary,2010,2208,0.00016364800554766776,2010/04/02 23:00:00
ES51,Heating Tertiary,2010,2209,0.00017082300579090024,2010/04/03 00:00:00
ES51,Heating Tertiary,2010,2210,0.00019451100659392356,2010/04/03 01:00:00
ES51,Heating Tertiary,2010,2211,0.00021182300718080042,2010/04/03 02:00:00
ES51,Heating Tertiary,2010,2212,0.00022174400751712238,2010/04/03 03:00:00
ES51,Heating Tertiary,2010,2213,0.00022774300772048848,2010/04/03 04:00:00
ES51,Heating Tertiary,2010,2214,0.00023088800782710398,2010/04/03 05:00:00
ES51,Heating Tertiary,2010,2215,0.00022760700771587807,2010/04/03 06:00:00
ES51,Heating Tertiary,2010,2216,0.00021528400729812832,2010/04/03 07:00:00
ES51,Heating Tertiary,2010,2217,0.00019536700662294194,2010/04/03 08:00:00
ES51,Heating Tertiary,2010,2218,0.00017191400582788522,2010/04/03 09:00:00
ES51,Heating Tertiary,2010,2219,0.0001493840050641181,2010/04/03 10:00:00
ES51,Heating Tertiary,2010,2220,0.00013134400445256205,2010/04/03 11:00:00
ES51,Heating Tertiary,2010,2221,0.0001184450040152859,2010/04/03 12:00:00
ES51,Heating Tertiary,2010,2222,0.00010897700369432067,2010/04/03 13:00:00
ES51,Heating Tertiary,2010,2223,0.00010230800346824156,2010/04/03 14:00:00
ES51,Heating Tertiary,2010,2224,9.937360336876538e-05,2010/04/03 15:00:00
ES51,Heating Tertiary,2010,2225,9.975290338162365e-05,2010/04/03 16:00:00
ES51,Heating Tertiary,2010,2226,0.00010108900342691745,2010/04/03 17:00:00
ES51,Heating Tertiary,2010,2227,0.00010151100344122324,2010/04/03 18:00:00
ES51,Heating Tertiary,2010,2228,0.00010142200343820615,2010/04/03 19:00:00
ES51,Heating Tertiary,2010,2229,0.00010270800348180155,2010/04/03 20:00:00
ES51,Heating Tertiary,2010,2230,0.00010874700368652367,2010/04/03 21:00:00
ES51,Heating Tertiary,2010,2231,0.00012277700416214073,2010/04/03 22:00:00
ES51,Heating Tertiary,2010,2232,0.00014460400490207606,2010/04/03 23:00:00
ES51,Heating Tertiary,2010,2233,0.00014619800495611264,2010/04/04 00:00:00
ES51,Heating Tertiary,2010,2234,0.0001684180057093708,2010/04/04 01:00:00
ES51,Heating Tertiary,2010,2235,0.00018635800631753685,2010/04/04 02:00:00
ES51,Heating Tertiary,2010,2236,0.00019740700669209797,2010/04/04 03:00:00
ES51,Heating Tertiary,2010,2237,0.00020243200686244548,2010/04/04 04:00:00
ES51,Heating Tertiary,2010,2238,0.0002041560069208891,2010/04/04 05:00:00
ES51,Heating Tertiary,2010,2239,0.00020048400679640828,2010/04/04 06:00:00
ES51,Heating Tertiary,2010,2240,0.00018969800643076285,2010/04/04 07:00:00
ES51,Heating Tertiary,2010,2241,0.00017259600585100497,2010/04/04 08:00:00
ES51,Heating Tertiary,2010,2242,0.0001524160051669029,2010/04/04 09:00:00
ES51,Heating Tertiary,2010,2243,0.00013348800452524364,2010/04/04 10:00:00
ES51,Heating Tertiary,2010,2244,0.0001189010040307443,2010/04/04 11:00:00
ES51,Heating Tertiary,2010,2245,0.00010883200368940516,2010/04/04 12:00:00
ES51,Heating Tertiary,2010,2246,0.00010107000342627334,2010/04/04 13:00:00
ES51,Heating Tertiary,2010,2247,9.509260322363947e-05,2010/04/04 14:00:00
ES51,Heating Tertiary,2010,2248,9.179160311173555e-05,2010/04/04 15:00:00
ES51,Heating Tertiary,2010,2249,9.032170306190594e-05,2010/04/04 16:00:00
ES51,Heating Tertiary,2010,2250,8.961420303792168e-05,2010/04/04 17:00:00
ES51,Heating Tertiary,2010,2251,8.848080299949942e-05,2010/04/04 18:00:00
ES51,Heating Tertiary,2010,2252,8.809030298626147e-05,2010/04/04 19:00:00
ES51,Heating Tertiary,2010,2253,8.96699030398099e-05,2010/04/04 20:00:00
ES51,Heating Tertiary,2010,2254,9.535690323259923e-05,2010/04/04 21:00:00
ES51,Heating Tertiary,2010,2255,0.00010704600362885978,2010/04/04 22:00:00
ES51,Heating Tertiary,2010,2256,0.00012448800422014362,2010/04/04 23:00:00
ES51,Heating Tertiary,2010,2257,0.00016298900552532767,2010/04/05 00:00:00
ES51,Heating Tertiary,2010,2258,0.00018462200625868645,2010/04/05 01:00:00
ES51,Heating Tertiary,2010,2259,0.00020117700681990098,2010/04/05 02:00:00
ES51,Heating Tertiary,2010,2260,0.00021113200715737552,2010/04/05 03:00:00
ES51,Heating Tertiary,2010,2261,0.00021629300733233344,2010/04/05 04:00:00
ES51,Heating Tertiary,2010,2262,0.00021820900739728585,2010/04/05 05:00:00
ES51,Heating Tertiary,2010,2263,0.00021417300726046543,2010/04/05 06:00:00
ES51,Heating Tertiary,2010,2264,0.0002014710068298676,2010/04/05 07:00:00
ES51,Heating Tertiary,2010,2265,0.00018156900615518972,2010/04/05 08:00:00
ES51,Heating Tertiary,2010,2266,0.00015883300538443925,2010/04/05 09:00:00
ES51,Heating Tertiary,2010,2267,0.00013843400469291307,2010/04/05 10:00:00
ES51,Heating Tertiary,2010,2268,0.00012267700415875073,2010/04/05 11:00:00
ES51,Heating Tertiary,2010,2269,0.00011173500378781688,2010/04/05 12:00:00
ES51,Heating Tertiary,2010,2270,0.00010355100351037926,2010/04/05 13:00:00
ES51,Heating Tertiary,2010,2271,9.806110332427162e-05,2010/04/05 14:00:00
ES51,Heating Tertiary,2010,2272,9.562670324174546e-05,2010/04/05 15:00:00
ES51,Heating Tertiary,2010,2273,9.57593032462406e-05,2010/04/05 16:00:00
ES51,Heating Tertiary,2010,2274,9.673540327933038e-05,2010/04/05 17:00:00
ES51,Heating Tertiary,2010,2275,9.706310329043942e-05,2010/04/05 18:00:00
ES51,Heating Tertiary,2010,2276,9.759860330859287e-05,2010/04/05 19:00:00
ES51,Heating Tertiary,2010,2277,9.998990338965796e-05,2010/04/05 20:00:00
ES51,Heating Tertiary,2010,2278,0.00010692000362458837,2010/04/05 21:00:00
ES51,Heating Tertiary,2010,2279,0.00012034800407979761,2010/04/05 22:00:00
ES51,Heating Tertiary,2010,2280,0.00014001700474657676,2010/04/05 23:00:00
ES51,Heating Tertiary,2010,2281,0.00018540600628526402,2010/04/06 00:00:00
ES51,Heating Tertiary,2010,2282,0.0002100150071195092,2010/04/06 01:00:00
ES51,Heating Tertiary,2010,2283,0.0002288460077578802,2010/04/06 02:00:00
ES51,Heating Tertiary,2010,2284,0.0002401700081417638,2010/04/06 03:00:00
ES51,Heating Tertiary,2010,2285,0.00024604200834082464,2010/04/06 04:00:00
ES51,Heating Tertiary,2010,2286,0.00024822000841465884,2010/04/06 05:00:00
ES51,Heating Tertiary,2010,2287,0.00024363000825905782,2010/04/06 06:00:00
ES51,Heating Tertiary,2010,2288,0.0002291800077692028,2010/04/06 07:00:00
ES51,Heating Tertiary,2010,2289,0.0002065410070017406,2010/04/06 08:00:00
ES51,Heating Tertiary,2010,2290,0.00018067900612501873,2010/04/06 09:00:00
ES51,Heating Tertiary,2010,2291,0.00015747200533830133,2010/04/06 10:00:00
ES51,Heating Tertiary,2010,2292,0.00013955000473074548,2010/04/06 11:00:00
ES51,Heating Tertiary,2010,2293,0.00012710200430875824,2010/04/06 12:00:00
ES51,Heating Tertiary,2010,2294,0.000117794003993217,2010/04/06 13:00:00
ES51,Heating Tertiary,2010,2295,0.00011154800378147758,2010/04/06 14:00:00
ES51,Heating Tertiary,2010,2296,0.00010877900368760847,2010/04/06 15:00:00
ES51,Heating Tertiary,2010,2297,0.00010893000369272737,2010/04/06 16:00:00
ES51,Heating Tertiary,2010,2298,0.00011004000373035638,2010/04/06 17:00:00
ES51,Heating Tertiary,2010,2299,0.00011041200374296718,2010/04/06 18:00:00
ES51,Heating Tertiary,2010,2300,0.00011102100376361227,2010/04/06 19:00:00
ES51,Heating Tertiary,2010,2301,0.00011374200385585419,2010/04/06 20:00:00
ES51,Heating Tertiary,2010,2302,0.00012162500412308791,2010/04/06 21:00:00
ES51,Heating Tertiary,2010,2303,0.00013690000464091048,2010/04/06 22:00:00
ES51,Heating Tertiary,2010,2304,0.00015927500539942305,2010/04/06 23:00:00
ES51,Heating Tertiary,2010,2305,0.00014103900478122257,2010/04/07 00:00:00
ES51,Heating Tertiary,2010,2306,0.00015975900541583064,2010/04/07 01:00:00
ES51,Heating Tertiary,2010,2307,0.0001740840059014482,2010/04/07 02:00:00
ES51,Heating Tertiary,2010,2308,0.00018269900619349673,2010/04/07 03:00:00
ES51,Heating Tertiary,2010,2309,0.00018716500634489413,2010/04/07 04:00:00
ES51,Heating Tertiary,2010,2310,0.00018882300640110034,2010/04/07 05:00:00
ES51,Heating Tertiary,2010,2311,0.00018533000628268763,2010/04/07 06:00:00
ES51,Heating Tertiary,2010,2312,0.00017433900591009273,2010/04/07 07:00:00
ES51,Heating Tertiary,2010,2313,0.00015711700532626687,2010/04/07 08:00:00
ES51,Heating Tertiary,2010,2314,0.00013744300465931816,2010/04/07 09:00:00
ES51,Heating Tertiary,2010,2315,0.0001197910040609153,2010/04/07 10:00:00
ES51,Heating Tertiary,2010,2316,0.00010615600359868876,2010/04/07 11:00:00
ES51,Heating Tertiary,2010,2317,9.668700327768962e-05,2010/04/07 12:00:00
ES51,Heating Tertiary,2010,2318,8.96061030376471e-05,2010/04/07 13:00:00
ES51,Heating Tertiary,2010,2319,8.485520287659157e-05,2010/04/07 14:00:00
ES51,Heating Tertiary,2010,2320,8.274870280518121e-05,2010/04/07 15:00:00
ES51,Heating Tertiary,2010,2321,8.286330280906615e-05,2010/04/07 16:00:00
ES51,Heating Tertiary,2010,2322,8.370800283770149e-05,2010/04/07 17:00:00
ES51,Heating Tertiary,2010,2323,8.399160284731553e-05,2010/04/07 18:00:00
ES51,Heating Tertiary,2010,2324,8.44549028630214e-05,2010/04/07 19:00:00
ES51,Heating Tertiary,2010,2325,8.65241029331673e-05,2010/04/07 20:00:00
ES51,Heating Tertiary,2010,2326,9.252060313644865e-05,2010/04/07 21:00:00
ES51,Heating Tertiary,2010,2327,0.00010414000353034636,2010/04/07 22:00:00
ES51,Heating Tertiary,2010,2328,0.00012116200410739222,2010/04/07 23:00:00
ES51,Heating Tertiary,2010,2329,0.00016298900552532767,2010/04/08 00:00:00
ES51,Heating Tertiary,2010,2330,0.00018462200625868645,2010/04/08 01:00:00
ES51,Heating Tertiary,2010,2331,0.00020117700681990098,2010/04/08 02:00:00
ES51,Heating Tertiary,2010,2332,0.00021113200715737552,2010/04/08 03:00:00
ES51,Heating Tertiary,2010,2333,0.00021629300733233344,2010/04/08 04:00:00
ES51,Heating Tertiary,2010,2334,0.00021820900739728585,2010/04/08 05:00:00
ES51,Heating Tertiary,2010,2335,0.00021417300726046543,2010/04/08 06:00:00
ES51,Heating Tertiary,2010,2336,0.0002014710068298676,2010/04/08 07:00:00
ES51,Heating Tertiary,2010,2337,0.00018156900615518972,2010/04/08 08:00:00
ES51,Heating Tertiary,2010,2338,0.00015883300538443925,2010/04/08 09:00:00
ES51,Heating Tertiary,2010,2339,0.00013843400469291307,2010/04/08 10:00:00
ES51,Heating Tertiary,2010,2340,0.00012267700415875073,2010/04/08 11:00:00
ES51,Heating Tertiary,2010,2341,0.00011173500378781688,2010/04/08 12:00:00
ES51,Heating Tertiary,2010,2342,0.00010355100351037926,2010/04/08 13:00:00
ES51,Heating Tertiary,2010,2343,9.806110332427162e-05,2010/04/08 14:00:00
ES51,Heating Tertiary,2010,2344,9.562670324174546e-05,2010/04/08 15:00:00
ES51,Heating Tertiary,2010,2345,9.57593032462406e-05,2010/04/08 16:00:00
ES51,Heating Tertiary,2010,2346,9.673540327933038e-05,2010/04/08 17:00:00
ES51,Heating Tertiary,2010,2347,9.706310329043942e-05,2010/04/08 18:00:00
ES51,Heating Tertiary,2010,2348,9.759860330859287e-05,2010/04/08 19:00:00
ES51,Heating Tertiary,2010,2349,9.998990338965796e-05,2010/04/08 20:00:00
ES51,Heating Tertiary,2010,2350,0.00010692000362458837,2010/04/08 21:00:00
ES51,Heating Tertiary,2010,2351,0.00012034800407979761,2010/04/08 22:00:00
ES51,Heating Tertiary,2010,2352,0.00014001700474657676,2010/04/08 23:00:00
ES51,Heating Tertiary,2010,2353,0.00016298900552532767,2010/04/09 00:00:00
ES51,Heating Tertiary,2010,2354,0.00018462200625868645,2010/04/09 01:00:00
ES51,Heating Tertiary,2010,2355,0.00020117700681990098,2010/04/09 02:00:00
ES51,Heating Tertiary,2010,2356,0.00021113200715737552,2010/04/09 03:00:00
ES51,Heating Tertiary,2010,2357,0.00021629300733233344,2010/04/09 04:00:00
ES51,Heating Tertiary,2010,2358,0.00021820900739728585,2010/04/09 05:00:00
ES51,Heating Tertiary,2010,2359,0.00021417300726046543,2010/04/09 06:00:00
ES51,Heating Tertiary,2010,2360,0.0002014710068298676,2010/04/09 07:00:00
ES51,Heating Tertiary,2010,2361,0.00018156900615518972,2010/04/09 08:00:00
ES51,Heating Tertiary,2010,2362,0.00015883300538443925,2010/04/09 09:00:00
ES51,Heating Tertiary,2010,2363,0.00013843400469291307,2010/04/09 10:00:00
ES51,Heating Tertiary,2010,2364,0.00012267700415875073,2010/04/09 11:00:00
ES51,Heating Tertiary,2010,2365,0.00011173500378781688,2010/04/09 12:00:00
ES51,Heating Tertiary,2010,2366,0.00010355100351037926,2010/04/09 13:00:00
ES51,Heating Tertiary,2010,2367,9.806110332427162e-05,2010/04/09 14:00:00
ES51,Heating Tertiary,2010,2368,9.562670324174546e-05,2010/04/09 15:00:00
ES51,Heating Tertiary,2010,2369,9.57593032462406e-05,2010/04/09 16:00:00
ES51,Heating Tertiary,2010,2370,9.673540327933038e-05,2010/04/09 17:00:00
ES51,Heating Tertiary,2010,2371,9.706310329043942e-05,2010/04/09 18:00:00
ES51,Heating Tertiary,2010,2372,9.759860330859287e-05,2010/04/09 19:00:00
ES51,Heating Tertiary,2010,2373,9.998990338965796e-05,2010/04/09 20:00:00
ES51,Heating Tertiary,2010,2374,0.00010692000362458837,2010/04/09 21:00:00
ES51,Heating Tertiary,2010,2375,0.00012034800407979761,2010/04/09 22:00:00
ES51,Heating Tertiary,2010,2376,0.00014001700474657676,2010/04/09 23:00:00
ES51,Heating Tertiary,2010,2377,0.00010229800346790255,2010/04/10 00:00:00
ES51,Heating Tertiary,2010,2378,0.00011648400394880799,2010/04/10 01:00:00
ES51,Heating Tertiary,2010,2379,0.00012685100430024932,2010/04/10 02:00:00
ES51,Heating Tertiary,2010,2380,0.00013279200450164926,2010/04/10 03:00:00
ES51,Heating Tertiary,2010,2381,0.00013638600462348587,2010/04/10 04:00:00
ES51,Heating Tertiary,2010,2382,0.00013826800468728567,2010/04/10 05:00:00
ES51,Heating Tertiary,2010,2383,0.00013630300462067217,2010/04/10 06:00:00
ES51,Heating Tertiary,2010,2384,0.00012892300437049013,2010/04/10 07:00:00
ES51,Heating Tertiary,2010,2385,0.00011699600396616479,2010/04/10 08:00:00
ES51,Heating Tertiary,2010,2386,0.00010295100349003924,2010/04/10 09:00:00
ES51,Heating Tertiary,2010,2387,8.945940303267396e-05,2010/04/10 10:00:00
ES51,Heating Tertiary,2010,2388,7.865590266643528e-05,2010/04/10 11:00:00
ES51,Heating Tertiary,2010,2389,7.09313024045713e-05,2010/04/10 12:00:00
ES51,Heating Tertiary,2010,2390,6.526160221236846e-05,2010/04/10 13:00:00
ES51,Heating Tertiary,2010,2391,6.126760207697185e-05,2010/04/10 14:00:00
ES51,Heating Tertiary,2010,2392,5.951020201739598e-05,2010/04/10 15:00:00
ES51,Heating Tertiary,2010,2393,5.973740202509806e-05,2010/04/10 16:00:00
ES51,Heating Tertiary,2010,2394,6.0537702052228235e-05,2010/04/10 17:00:00
ES51,Heating Tertiary,2010,2395,6.079050206079816e-05,2010/04/10 18:00:00
ES51,Heating Tertiary,2010,2396,6.073720205899129e-05,2010/04/10 19:00:00
ES51,Heating Tertiary,2010,2397,6.150690208508413e-05,2010/04/10 20:00:00
ES51,Heating Tertiary,2010,2398,6.512370220769365e-05,2010/04/10 21:00:00
ES51,Heating Tertiary,2010,2399,7.352560249251809e-05,2010/04/10 22:00:00
ES51,Heating Tertiary,2010,2400,8.659670293562843e-05,2010/04/10 23:00:00
ES51,Heating Tertiary,2010,2401,0.00010117700342990065,2010/04/11 00:00:00
ES51,Heating Tertiary,2010,2402,0.00011655300395114709,2010/04/11 01:00:00
ES51,Heating Tertiary,2010,2403,0.00012897000437208343,2010/04/11 02:00:00
ES51,Heating Tertiary,2010,2404,0.00013661700463131677,2010/04/11 03:00:00
ES51,Heating Tertiary,2010,2405,0.00014009400474918708,2010/04/11 04:00:00
ES51,Heating Tertiary,2010,2406,0.0001412870047896298,2010/04/11 05:00:00
ES51,Heating Tertiary,2010,2407,0.00013874500470345598,2010/04/11 06:00:00
ES51,Heating Tertiary,2010,2408,0.00013128200445046024,2010/04/11 07:00:00
ES51,Heating Tertiary,2010,2409,0.0001194460040492198,2010/04/11 08:00:00
ES51,Heating Tertiary,2010,2410,0.00010548000357577237,2010/04/11 09:00:00
ES51,Heating Tertiary,2010,2411,9.238070313170605e-05,2010/04/11 10:00:00
ES51,Heating Tertiary,2010,2412,8.228630278950585e-05,2010/04/11 11:00:00
ES51,Heating Tertiary,2010,2413,7.53175025532635e-05,2010/04/11 12:00:00
ES51,Heating Tertiary,2010,2414,6.994610237117303e-05,2010/04/11 13:00:00
ES51,Heating Tertiary,2010,2415,6.580910223092871e-05,2010/04/11 14:00:00
ES51,Heating Tertiary,2010,2416,6.352470215348754e-05,2010/04/11 15:00:00
ES51,Heating Tertiary,2010,2417,6.250740211900106e-05,2010/04/11 16:00:00
ES51,Heating Tertiary,2010,2418,6.201770210240024e-05,2010/04/11 17:00:00
ES51,Heating Tertiary,2010,2419,6.123350207581586e-05,2010/04/11 18:00:00
ES51,Heating Tertiary,2010,2420,6.096320206665269e-05,2010/04/11 19:00:00
ES51,Heating Tertiary,2010,2421,6.205620210370538e-05,2010/04/11 20:00:00
ES51,Heating Tertiary,2010,2422,6.59921022371324e-05,2010/04/11 21:00:00
ES51,Heating Tertiary,2010,2423,7.408160251136648e-05,2010/04/11 22:00:00
ES51,Heating Tertiary,2010,2424,8.615220292055987e-05,2010/04/11 23:00:00
ES51,Heating Tertiary,2010,2425,7.659080259642839e-05,2010/04/12 00:00:00
ES51,Heating Tertiary,2010,2426,8.675670294105242e-05,2010/04/12 01:00:00
ES51,Heating Tertiary,2010,2427,9.453580320476393e-05,2010/04/12 02:00:00
ES51,Heating Tertiary,2010,2428,9.921400336335494e-05,2010/04/12 03:00:00
ES51,Heating Tertiary,2010,2429,0.00010163900344556245,2010/04/12 04:00:00
ES51,Heating Tertiary,2010,2430,0.00010253900347607245,2010/04/12 05:00:00
ES51,Heating Tertiary,2010,2431,0.00010064300341179804,2010/04/12 06:00:00
ES51,Heating Tertiary,2010,2432,9.46741032094523e-05,2010/04/12 07:00:00
ES51,Heating Tertiary,2010,2433,8.53219028924127e-05,2010/04/12 08:00:00
ES51,Heating Tertiary,2010,2434,7.463810253023184e-05,2010/04/12 09:00:00
ES51,Heating Tertiary,2010,2435,6.505170220525285e-05,2010/04/12 10:00:00
ES51,Heating Tertiary,2010,2436,5.764760195425383e-05,2010/04/12 11:00:00
ES51,Heating Tertiary,2010,2437,5.2505501779936625e-05,2010/04/12 12:00:00
ES51,Heating Tertiary,2010,2438,4.866030164958434e-05,2010/04/12 13:00:00
ES51,Heating Tertiary,2010,2439,4.608020156211894e-05,2010/04/12 14:00:00
ES51,Heating Tertiary,2010,2440,4.493640152334411e-05,2010/04/12 15:00:00
ES51,Heating Tertiary,2010,2441,4.49986015254527e-05,2010/04/12 16:00:00
ES51,Heating Tertiary,2010,2442,4.545730154100262e-05,2010/04/12 17:00:00
ES51,Heating Tertiary,2010,2443,4.561130154622323e-05,2010/04/12 18:00:00
ES51,Heating Tertiary,2010,2444,4.586290155475247e-05,2010/04/12 19:00:00
ES51,Heating Tertiary,2010,2445,4.69866015928459e-05,2010/04/12 20:00:00
ES51,Heating Tertiary,2010,2446,5.024300170323787e-05,2010/04/12 21:00:00
ES51,Heating Tertiary,2010,2447,5.655310191715028e-05,2010/04/12 22:00:00
ES51,Heating Tertiary,2010,2448,6.57963022304948e-05,2010/04/12 23:00:00
ES51,Heating Tertiary,2010,2449,0.00018540600628526402,2010/04/13 00:00:00
ES51,Heating Tertiary,2010,2450,0.0002100150071195092,2010/04/13 01:00:00
ES51,Heating Tertiary,2010,2451,0.0002288460077578802,2010/04/13 02:00:00
ES51,Heating Tertiary,2010,2452,0.0002401700081417638,2010/04/13 03:00:00
ES51,Heating Tertiary,2010,2453,0.00024604200834082464,2010/04/13 04:00:00
ES51,Heating Tertiary,2010,2454,0.00024822000841465884,2010/04/13 05:00:00
ES51,Heating Tertiary,2010,2455,0.00024363000825905782,2010/04/13 06:00:00
ES51,Heating Tertiary,2010,2456,0.0002291800077692028,2010/04/13 07:00:00
ES51,Heating Tertiary,2010,2457,0.0002065410070017406,2010/04/13 08:00:00
ES51,Heating Tertiary,2010,2458,0.00018067900612501873,2010/04/13 09:00:00
ES51,Heating Tertiary,2010,2459,0.00015747200533830133,2010/04/13 10:00:00
ES51,Heating Tertiary,2010,2460,0.00013955000473074548,2010/04/13 11:00:00
ES51,Heating Tertiary,2010,2461,0.00012710200430875824,2010/04/13 12:00:00
ES51,Heating Tertiary,2010,2462,0.000117794003993217,2010/04/13 13:00:00
ES51,Heating Tertiary,2010,2463,0.00011154800378147758,2010/04/13 14:00:00
ES51,Heating Tertiary,2010,2464,0.00010877900368760847,2010/04/13 15:00:00
ES51,Heating Tertiary,2010,2465,0.00010893000369272737,2010/04/13 16:00:00
ES51,Heating Tertiary,2010,2466,0.00011004000373035638,2010/04/13 17:00:00
ES51,Heating Tertiary,2010,2467,0.00011041200374296718,2010/04/13 18:00:00
ES51,Heating Tertiary,2010,2468,0.00011102100376361227,2010/04/13 19:00:00
ES51,Heating Tertiary,2010,2469,0.00011374200385585419,2010/04/13 20:00:00
ES51,Heating Tertiary,2010,2470,0.00012162500412308791,2010/04/13 21:00:00
ES51,Heating Tertiary,2010,2471,0.00013690000464091048,2010/04/13 22:00:00
ES51,Heating Tertiary,2010,2472,0.00015927500539942305,2010/04/13 23:00:00
ES51,Heating Tertiary,2010,2473,0.0002084450070662862,2010/04/14 00:00:00
ES51,Heating Tertiary,2010,2474,0.0002361130080042315,2010/04/14 01:00:00
ES51,Heating Tertiary,2010,2475,0.0002572830087218946,2010/04/14 02:00:00
ES51,Heating Tertiary,2010,2476,0.0002700150091535094,2010/04/14 03:00:00
ES51,Heating Tertiary,2010,2477,0.00027661600937728333,2010/04/14 04:00:00
ES51,Heating Tertiary,2010,2478,0.00027906500946030445,2010/04/14 05:00:00
ES51,Heating Tertiary,2010,2479,0.0002739050092853804,2010/04/14 06:00:00
ES51,Heating Tertiary,2010,2480,0.0002576600087346749,2010/04/14 07:00:00
ES51,Heating Tertiary,2010,2481,0.0002322070078718181,2010/04/14 08:00:00
ES51,Heating Tertiary,2010,2482,0.0002031310068861416,2010/04/14 09:00:00
ES51,Heating Tertiary,2010,2483,0.0001770410060016905,2010/04/14 10:00:00
ES51,Heating Tertiary,2010,2484,0.0001568900053185715,2010/04/14 11:00:00
ES51,Heating Tertiary,2010,2485,0.00014289600484417494,2010/04/14 12:00:00
ES51,Heating Tertiary,2010,2486,0.00013243100448941136,2010/04/14 13:00:00
ES51,Heating Tertiary,2010,2487,0.00012541000425139942,2010/04/14 14:00:00
ES51,Heating Tertiary,2010,2488,0.00012229600414583484,2010/04/14 15:00:00
ES51,Heating Tertiary,2010,2489,0.00012246500415156393,2010/04/14 16:00:00
ES51,Heating Tertiary,2010,2490,0.00012371400419390502,2010/04/14 17:00:00
ES51,Heating Tertiary,2010,2491,0.00012413400420814303,2010/04/14 18:00:00
ES51,Heating Tertiary,2010,2492,0.00012481800423133063,2010/04/14 19:00:00
ES51,Heating Tertiary,2010,2493,0.00012787700433503074,2010/04/14 20:00:00
ES51,Heating Tertiary,2010,2494,0.00013673900463545256,2010/04/14 21:00:00
ES51,Heating Tertiary,2010,2495,0.00015391100521758343,2010/04/14 22:00:00
ES51,Heating Tertiary,2010,2496,0.00017906700607037192,2010/04/14 23:00:00
ES51,Heating Tertiary,2010,2497,0.00018540600628526402,2010/04/15 00:00:00
ES51,Heating Tertiary,2010,2498,0.0002100150071195092,2010/04/15 01:00:00
ES51,Heating Tertiary,2010,2499,0.0002288460077578802,2010/04/15 02:00:00
ES51,Heating Tertiary,2010,2500,0.0002401700081417638,2010/04/15 03:00:00
ES51,Heating Tertiary,2010,2501,0.00024604200834082464,2010/04/15 04:00:00
ES51,Heating Tertiary,2010,2502,0.00024822000841465884,2010/04/15 05:00:00
ES51,Heating Tertiary,2010,2503,0.00024363000825905782,2010/04/15 06:00:00
ES51,Heating Tertiary,2010,2504,0.0002291800077692028,2010/04/15 07:00:00
ES51,Heating Tertiary,2010,2505,0.0002065410070017406,2010/04/15 08:00:00
ES51,Heating Tertiary,2010,2506,0.00018067900612501873,2010/04/15 09:00:00
ES51,Heating Tertiary,2010,2507,0.00015747200533830133,2010/04/15 10:00:00
ES51,Heating Tertiary,2010,2508,0.00013955000473074548,2010/04/15 11:00:00
ES51,Heating Tertiary,2010,2509,0.00012710200430875824,2010/04/15 12:00:00
ES51,Heating Tertiary,2010,2510,0.000117794003993217,2010/04/15 13:00:00
ES51,Heating Tertiary,2010,2511,0.00011154800378147758,2010/04/15 14:00:00
ES51,Heating Tertiary,2010,2512,0.00010877900368760847,2010/04/15 15:00:00
ES51,Heating Tertiary,2010,2513,0.00010893000369272737,2010/04/15 16:00:00
ES51,Heating Tertiary,2010,2514,0.00011004000373035638,2010/04/15 17:00:00
ES51,Heating Tertiary,2010,2515,0.00011041200374296718,2010/04/15 18:00:00
ES51,Heating Tertiary,2010,2516,0.00011102100376361227,2010/04/15 19:00:00
ES51,Heating Tertiary,2010,2517,0.00011374200385585419,2010/04/15 20:00:00
ES51,Heating Tertiary,2010,2518,0.00012162500412308791,2010/04/15 21:00:00
ES51,Heating Tertiary,2010,2519,0.00013690000464091048,2010/04/15 22:00:00
ES51,Heating Tertiary,2010,2520,0.00015927500539942305,2010/04/15 23:00:00
ES51,Heating Tertiary,2010,2521,0.00016298900552532767,2010/04/16 00:00:00
ES51,Heating Tertiary,2010,2522,0.00018462200625868645,2010/04/16 01:00:00
ES51,Heating Tertiary,2010,2523,0.00020117700681990098,2010/04/16 02:00:00
ES51,Heating Tertiary,2010,2524,0.00021113200715737552,2010/04/16 03:00:00
ES51,Heating Tertiary,2010,2525,0.00021629300733233344,2010/04/16 04:00:00
ES51,Heating Tertiary,2010,2526,0.00021820900739728585,2010/04/16 05:00:00
ES51,Heating Tertiary,2010,2527,0.00021417300726046543,2010/04/16 06:00:00
ES51,Heating Tertiary,2010,2528,0.0002014710068298676,2010/04/16 07:00:00
ES51,Heating Tertiary,2010,2529,0.00018156900615518972,2010/04/16 08:00:00
ES51,Heating Tertiary,2010,2530,0.00015883300538443925,2010/04/16 09:00:00
ES51,Heating Tertiary,2010,2531,0.00013843400469291307,2010/04/16 10:00:00
ES51,Heating Tertiary,2010,2532,0.00012267700415875073,2010/04/16 11:00:00
ES51,Heating Tertiary,2010,2533,0.00011173500378781688,2010/04/16 12:00:00
ES51,Heating Tertiary,2010,2534,0.00010355100351037926,2010/04/16 13:00:00
ES51,Heating Tertiary,2010,2535,9.806110332427162e-05,2010/04/16 14:00:00
ES51,Heating Tertiary,2010,2536,9.562670324174546e-05,2010/04/16 15:00:00
ES51,Heating Tertiary,2010,2537,9.57593032462406e-05,2010/04/16 16:00:00
ES51,Heating Tertiary,2010,2538,9.673540327933038e-05,2010/04/16 17:00:00
ES51,Heating Tertiary,2010,2539,9.706310329043942e-05,2010/04/16 18:00:00
ES51,Heating Tertiary,2010,2540,9.759860330859287e-05,2010/04/16 19:00:00
ES51,Heating Tertiary,2010,2541,9.998990338965796e-05,2010/04/16 20:00:00
ES51,Heating Tertiary,2010,2542,0.00010692000362458837,2010/04/16 21:00:00
ES51,Heating Tertiary,2010,2543,0.00012034800407979761,2010/04/16 22:00:00
ES51,Heating Tertiary,2010,2544,0.00014001700474657676,2010/04/16 23:00:00
ES51,Heating Tertiary,2010,2545,0.00014781800501103065,2010/04/17 00:00:00
ES51,Heating Tertiary,2010,2546,0.00016831600570591293,2010/04/17 01:00:00
ES51,Heating Tertiary,2010,2547,0.0001832970062137689,2010/04/17 02:00:00
ES51,Heating Tertiary,2010,2548,0.00019188200650480046,2010/04/17 03:00:00
ES51,Heating Tertiary,2010,2549,0.00019707300668077537,2010/04/17 04:00:00
ES51,Heating Tertiary,2010,2550,0.00019979400677301728,2010/04/17 05:00:00
ES51,Heating Tertiary,2010,2551,0.00019695600667680907,2010/04/17 06:00:00
ES51,Heating Tertiary,2010,2552,0.00018629100631526553,2010/04/17 07:00:00
ES51,Heating Tertiary,2010,2553,0.00016905600573099893,2010/04/17 08:00:00
ES51,Heating Tertiary,2010,2554,0.00014876300504306622,2010/04/17 09:00:00
ES51,Heating Tertiary,2010,2555,0.00012926700438215173,2010/04/17 10:00:00
ES51,Heating Tertiary,2010,2556,0.0001136560038529388,2010/04/17 11:00:00
ES51,Heating Tertiary,2010,2557,0.00010249400347454694,2010/04/17 12:00:00
ES51,Heating Tertiary,2010,2558,9.430150319682117e-05,2010/04/17 13:00:00
ES51,Heating Tertiary,2010,2559,8.853030300117747e-05,2010/04/17 14:00:00
ES51,Heating Tertiary,2010,2560,8.59908029150884e-05,2010/04/17 15:00:00
ES51,Heating Tertiary,2010,2561,8.631910292621779e-05,2010/04/17 16:00:00
ES51,Heating Tertiary,2010,2562,8.747550296541975e-05,2010/04/17 17:00:00
ES51,Heating Tertiary,2010,2563,8.784090297780681e-05,2010/04/17 18:00:00
ES51,Heating Tertiary,2010,2564,8.776370297518973e-05,2010/04/17 19:00:00
ES51,Heating Tertiary,2010,2565,8.887590301289331e-05,2010/04/17 20:00:00
ES51,Heating Tertiary,2010,2566,9.410200319005812e-05,2010/04/17 21:00:00
ES51,Heating Tertiary,2010,2567,0.00010624300360163805,2010/04/17 22:00:00
ES51,Heating Tertiary,2010,2568,0.00012513000424190743,2010/04/17 23:00:00
ES51,Heating Tertiary,2010,2569,0.00014619800495611264,2010/04/18 00:00:00
ES51,Heating Tertiary,2010,2570,0.0001684180057093708,2010/04/18 01:00:00
ES51,Heating Tertiary,2010,2571,0.00018635800631753685,2010/04/18 02:00:00
ES51,Heating Tertiary,2010,2572,0.00019740700669209797,2010/04/18 03:00:00
ES51,Heating Tertiary,2010,2573,0.00020243200686244548,2010/04/18 04:00:00
ES51,Heating Tertiary,2010,2574,0.0002041560069208891,2010/04/18 05:00:00
ES51,Heating Tertiary,2010,2575,0.00020048400679640828,2010/04/18 06:00:00
ES51,Heating Tertiary,2010,2576,0.00018969800643076285,2010/04/18 07:00:00
ES51,Heating Tertiary,2010,2577,0.00017259600585100497,2010/04/18 08:00:00
ES51,Heating Tertiary,2010,2578,0.0001524160051669029,2010/04/18 09:00:00
ES51,Heating Tertiary,2010,2579,0.00013348800452524364,2010/04/18 10:00:00
ES51,Heating Tertiary,2010,2580,0.0001189010040307443,2010/04/18 11:00:00
ES51,Heating Tertiary,2010,2581,0.00010883200368940516,2010/04/18 12:00:00
ES51,Heating Tertiary,2010,2582,0.00010107000342627334,2010/04/18 13:00:00
ES51,Heating Tertiary,2010,2583,9.509260322363947e-05,2010/04/18 14:00:00
ES51,Heating Tertiary,2010,2584,9.179160311173555e-05,2010/04/18 15:00:00
ES51,Heating Tertiary,2010,2585,9.032170306190594e-05,2010/04/18 16:00:00
ES51,Heating Tertiary,2010,2586,8.961420303792168e-05,2010/04/18 17:00:00
ES51,Heating Tertiary,2010,2587,8.848080299949942e-05,2010/04/18 18:00:00
ES51,Heating Tertiary,2010,2588,8.809030298626147e-05,2010/04/18 19:00:00
ES51,Heating Tertiary,2010,2589,8.96699030398099e-05,2010/04/18 20:00:00
ES51,Heating Tertiary,2010,2590,9.535690323259923e-05,2010/04/18 21:00:00
ES51,Heating Tertiary,2010,2591,0.00010704600362885978,2010/04/18 22:00:00
ES51,Heating Tertiary,2010,2592,0.00012448800422014362,2010/04/18 23:00:00
ES51,Heating Tertiary,2010,2593,0.0001195560040529488,2010/04/19 00:00:00
ES51,Heating Tertiary,2010,2594,0.00013542600459094187,2010/04/19 01:00:00
ES51,Heating Tertiary,2010,2595,0.00014756800500255566,2010/04/19 02:00:00
ES51,Heating Tertiary,2010,2596,0.00015487000525009353,2010/04/19 03:00:00
ES51,Heating Tertiary,2010,2597,0.00015865600537843895,2010/04/19 04:00:00
ES51,Heating Tertiary,2010,2598,0.00016006200542610234,2010/04/19 05:00:00
ES51,Heating Tertiary,2010,2599,0.00015710200532575834,2010/04/19 06:00:00
ES51,Heating Tertiary,2010,2600,0.0001477840050098781,2010/04/19 07:00:00
ES51,Heating Tertiary,2010,2601,0.00013318600451500586,2010/04/19 08:00:00
ES51,Heating Tertiary,2010,2602,0.0001165090039496555,2010/04/19 09:00:00
ES51,Heating Tertiary,2010,2603,0.00010154400344234194,2010/04/19 10:00:00
ES51,Heating Tertiary,2010,2604,8.998650305054266e-05,2010/04/19 11:00:00
ES51,Heating Tertiary,2010,2605,8.19598027784375e-05,2010/04/19 12:00:00
ES51,Heating Tertiary,2010,2606,7.59575025749595e-05,2010/04/19 13:00:00
ES51,Heating Tertiary,2010,2607,7.193020243843403e-05,2010/04/19 14:00:00
ES51,Heating Tertiary,2010,2608,7.014460237790218e-05,2010/04/19 15:00:00
ES51,Heating Tertiary,2010,2609,7.024170238119386e-05,2010/04/19 16:00:00
ES51,Heating Tertiary,2010,2610,7.095780240546967e-05,2010/04/19 17:00:00
ES51,Heating Tertiary,2010,2611,7.119820241361922e-05,2010/04/19 18:00:00
ES51,Heating Tertiary,2010,2612,7.159090242693176e-05,2010/04/19 19:00:00
ES51,Heating Tertiary,2010,2613,7.334500248639574e-05,2010/04/19 20:00:00
ES51,Heating Tertiary,2010,2614,7.842810265871286e-05,2010/04/19 21:00:00
ES51,Heating Tertiary,2010,2615,8.827810299262788e-05,2010/04/19 22:00:00
ES51,Heating Tertiary,2010,2616,0.00010270600348173376,2010/04/19 23:00:00
ES51,Heating Tertiary,2010,2617,9.760660330886408e-05,2010/04/20 00:00:00
ES51,Heating Tertiary,2010,2618,0.00011056200374805218,2010/04/20 01:00:00
ES51,Heating Tertiary,2010,2619,0.00012047600408413681,2010/04/20 02:00:00
ES51,Heating Tertiary,2010,2620,0.00012643800428624864,2010/04/20 03:00:00
ES51,Heating Tertiary,2010,2621,0.00012952800439099962,2010/04/20 04:00:00
ES51,Heating Tertiary,2010,2622,0.00013067600442991686,2010/04/20 05:00:00
ES51,Heating Tertiary,2010,2623,0.00012825900434798053,2010/04/20 06:00:00
ES51,Heating Tertiary,2010,2624,0.00012065200409010321,2010/04/20 07:00:00
ES51,Heating Tertiary,2010,2625,0.00010873400368608297,2010/04/20 08:00:00
ES51,Heating Tertiary,2010,2626,9.511810322450392e-05,2010/04/20 09:00:00
ES51,Heating Tertiary,2010,2627,8.290130281035436e-05,2010/04/20 10:00:00
ES51,Heating Tertiary,2010,2628,7.34655024904807e-05,2010/04/20 11:00:00
ES51,Heating Tertiary,2010,2629,6.691260226833736e-05,2010/04/20 12:00:00
ES51,Heating Tertiary,2010,2630,6.201220210221379e-05,2010/04/20 13:00:00
ES51,Heating Tertiary,2010,2631,5.8724201990750585e-05,2010/04/20 14:00:00
ES51,Heating Tertiary,2010,2632,5.7266401941331154e-05,2010/04/20 15:00:00
ES51,Heating Tertiary,2010,2633,5.734590194402621e-05,2010/04/20 16:00:00
ES51,Heating Tertiary,2010,2634,5.7930401963840755e-05,2010/04/20 17:00:00
ES51,Heating Tertiary,2010,2635,5.812660197049194e-05,2010/04/20 18:00:00
ES51,Heating Tertiary,2010,2636,5.8447301981363667e-05,2010/04/20 19:00:00
ES51,Heating Tertiary,2010,2637,5.987940202991186e-05,2010/04/20 20:00:00
ES51,Heating Tertiary,2010,2638,6.402910217058671e-05,2010/04/20 21:00:00
ES51,Heating Tertiary,2010,2639,7.207070244319697e-05,2010/04/20 22:00:00
ES51,Heating Tertiary,2010,2640,8.385020284252207e-05,2010/04/20 23:00:00
ES51,Heating Tertiary,2010,2641,4.856980164651639e-05,2010/04/21 00:00:00
ES51,Heating Tertiary,2010,2642,5.501640186505614e-05,2010/04/21 01:00:00
ES51,Heating Tertiary,2010,2643,5.994950203228826e-05,2010/04/21 02:00:00
ES51,Heating Tertiary,2010,2644,6.291620213285939e-05,2010/04/21 03:00:00
ES51,Heating Tertiary,2010,2645,6.44542021849976e-05,2010/04/21 04:00:00
ES51,Heating Tertiary,2010,2646,6.502510220435111e-05,2010/04/21 05:00:00
ES51,Heating Tertiary,2010,2647,6.382250216358296e-05,2010/04/21 06:00:00
ES51,Heating Tertiary,2010,2648,6.0037202035261284e-05,2010/04/21 07:00:00
ES51,Heating Tertiary,2010,2649,5.410660183421392e-05,2010/04/21 08:00:00
ES51,Heating Tertiary,2010,2650,4.733150160453801e-05,2010/04/21 09:00:00
ES51,Heating Tertiary,2010,2651,4.125230139845311e-05,2010/04/21 10:00:00
ES51,Heating Tertiary,2010,2652,3.655700123928243e-05,2010/04/21 11:00:00
ES51,Heating Tertiary,2010,2653,3.3296201128741294e-05,2010/04/21 12:00:00
ES51,Heating Tertiary,2010,2654,3.0857801046079525e-05,2010/04/21 13:00:00
ES51,Heating Tertiary,2010,2655,2.9221600990612338e-05,2010/04/21 14:00:00
ES51,Heating Tertiary,2010,2656,2.849620096602128e-05,2010/04/21 15:00:00
ES51,Heating Tertiary,2010,2657,2.8535700967360325e-05,2010/04/21 16:00:00
ES51,Heating Tertiary,2010,2658,2.8826600977221836e-05,2010/04/21 17:00:00
ES51,Heating Tertiary,2010,2659,2.8924200980530476e-05,2010/04/21 18:00:00
ES51,Heating Tertiary,2010,2660,2.908380098594092e-05,2010/04/21 19:00:00
ES51,Heating Tertiary,2010,2661,2.979640101009806e-05,2010/04/21 20:00:00
ES51,Heating Tertiary,2010,2662,3.186140108010157e-05,2010/04/21 21:00:00
ES51,Heating Tertiary,2010,2663,3.586290121575243e-05,2010/04/21 22:00:00
ES51,Heating Tertiary,2010,2664,4.172450141446069e-05,2010/04/21 23:00:00
ES51,Heating Tertiary,2010,2665,2.2416800759929593e-05,2010/04/22 00:00:00
ES51,Heating Tertiary,2010,2666,2.5392200860795665e-05,2010/04/22 01:00:00
ES51,Heating Tertiary,2010,2667,2.7669000937979196e-05,2010/04/22 02:00:00
ES51,Heating Tertiary,2010,2668,2.903820098439508e-05,2010/04/22 03:00:00
ES51,Heating Tertiary,2010,2669,2.9748101008460694e-05,2010/04/22 04:00:00
ES51,Heating Tertiary,2010,2670,3.0011601017393342e-05,2010/04/22 05:00:00
ES51,Heating Tertiary,2010,2671,2.9456600998578843e-05,2010/04/22 06:00:00
ES51,Heating Tertiary,2010,2672,2.7709500939352142e-05,2010/04/22 07:00:00
ES51,Heating Tertiary,2010,2673,2.4972300846561056e-05,2010/04/22 08:00:00
ES51,Heating Tertiary,2010,2674,2.1845300740555745e-05,2010/04/22 09:00:00
ES51,Heating Tertiary,2010,2675,1.9039500645439116e-05,2010/04/22 10:00:00
ES51,Heating Tertiary,2010,2676,1.6872500571977807e-05,2010/04/22 11:00:00
ES51,Heating Tertiary,2010,2677,1.5367500520958302e-05,2010/04/22 12:00:00
ES51,Heating Tertiary,2010,2678,1.4242100482807239e-05,2010/04/22 13:00:00
ES51,Heating Tertiary,2010,2679,1.3487000457209345e-05,2010/04/22 14:00:00
ES51,Heating Tertiary,2010,2680,1.3152100445856235e-05,2010/04/22 15:00:00
ES51,Heating Tertiary,2010,2681,1.3170300446473214e-05,2010/04/22 16:00:00
ES51,Heating Tertiary,2010,2682,1.3304600451025986e-05,2010/04/22 17:00:00
ES51,Heating Tertiary,2010,2683,1.3349600452551486e-05,2010/04/22 18:00:00
ES51,Heating Tertiary,2010,2684,1.3423300455049915e-05,2010/04/22 19:00:00
ES51,Heating Tertiary,2010,2685,1.3752200466199626e-05,2010/04/22 20:00:00
ES51,Heating Tertiary,2010,2686,1.470530049850972e-05,2010/04/22 21:00:00
ES51,Heating Tertiary,2010,2687,1.6552100561116244e-05,2010/04/22 22:00:00
ES51,Heating Tertiary,2010,2688,1.9257400652825927e-05,2010/04/22 23:00:00
ES51,Heating Tertiary,2010,2689,7.659080259642839e-05,2010/04/23 00:00:00
ES51,Heating Tertiary,2010,2690,8.675670294105242e-05,2010/04/23 01:00:00
ES51,Heating Tertiary,2010,2691,9.453580320476393e-05,2010/04/23 02:00:00
ES51,Heating Tertiary,2010,2692,9.921400336335494e-05,2010/04/23 03:00:00
ES51,Heating Tertiary,2010,2693,0.00010163900344556245,2010/04/23 04:00:00
ES51,Heating Tertiary,2010,2694,0.00010253900347607245,2010/04/23 05:00:00
ES51,Heating Tertiary,2010,2695,0.00010064300341179804,2010/04/23 06:00:00
ES51,Heating Tertiary,2010,2696,9.46741032094523e-05,2010/04/23 07:00:00
ES51,Heating Tertiary,2010,2697,8.53219028924127e-05,2010/04/23 08:00:00
ES51,Heating Tertiary,2010,2698,7.463810253023184e-05,2010/04/23 09:00:00
ES51,Heating Tertiary,2010,2699,6.505170220525285e-05,2010/04/23 10:00:00
ES51,Heating Tertiary,2010,2700,5.764760195425383e-05,2010/04/23 11:00:00
ES51,Heating Tertiary,2010,2701,5.2505501779936625e-05,2010/04/23 12:00:00
ES51,Heating Tertiary,2010,2702,4.866030164958434e-05,2010/04/23 13:00:00
ES51,Heating Tertiary,2010,2703,4.608020156211894e-05,2010/04/23 14:00:00
ES51,Heating Tertiary,2010,2704,4.493640152334411e-05,2010/04/23 15:00:00
ES51,Heating Tertiary,2010,2705,4.49986015254527e-05,2010/04/23 16:00:00
ES51,Heating Tertiary,2010,2706,4.545730154100262e-05,2010/04/23 17:00:00
ES51,Heating Tertiary,2010,2707,4.561130154622323e-05,2010/04/23 18:00:00
ES51,Heating Tertiary,2010,2708,4.586290155475247e-05,2010/04/23 19:00:00
ES51,Heating Tertiary,2010,2709,4.69866015928459e-05,2010/04/23 20:00:00
ES51,Heating Tertiary,2010,2710,5.024300170323787e-05,2010/04/23 21:00:00
ES51,Heating Tertiary,2010,2711,5.655310191715028e-05,2010/04/23 22:00:00
ES51,Heating Tertiary,2010,2712,6.57963022304948e-05,2010/04/23 23:00:00
ES51,Heating Tertiary,2010,2713,8.027220272122785e-05,2010/04/24 00:00:00
ES51,Heating Tertiary,2010,2714,9.140330309857218e-05,2010/04/24 01:00:00
ES51,Heating Tertiary,2010,2715,9.953890337436905e-05,2010/04/24 02:00:00
ES51,Heating Tertiary,2010,2716,0.00010420000353238036,2010/04/24 03:00:00
ES51,Heating Tertiary,2010,2717,0.00010702000362797836,2010/04/24 04:00:00
ES51,Heating Tertiary,2010,2718,0.00010849700367804867,2010/04/24 05:00:00
ES51,Heating Tertiary,2010,2719,0.00010695500362577486,2010/04/24 06:00:00
ES51,Heating Tertiary,2010,2720,0.00010116500342949386,2010/04/24 07:00:00
ES51,Heating Tertiary,2010,2721,9.180540311220337e-05,2010/04/24 08:00:00
ES51,Heating Tertiary,2010,2722,8.078470273860161e-05,2010/04/24 09:00:00
ES51,Heating Tertiary,2010,2723,7.019790237970905e-05,2010/04/24 10:00:00
ES51,Heating Tertiary,2010,2724,6.172040209232177e-05,2010/04/24 11:00:00
ES51,Heating Tertiary,2010,2725,5.565910188684368e-05,2010/04/24 12:00:00
ES51,Heating Tertiary,2010,2726,5.121010173602256e-05,2010/04/24 13:00:00
ES51,Heating Tertiary,2010,2727,4.8076001629776567e-05,2010/04/24 14:00:00
ES51,Heating Tertiary,2010,2728,4.6697001583028464e-05,2010/04/24 15:00:00
ES51,Heating Tertiary,2010,2729,4.6875301589072835e-05,2010/04/24 16:00:00
ES51,Heating Tertiary,2010,2730,4.7503301610362034e-05,2010/04/24 17:00:00
ES51,Heating Tertiary,2010,2731,4.77016016170844e-05,2010/04/24 18:00:00
ES51,Heating Tertiary,2010,2732,4.765980161566738e-05,2010/04/24 19:00:00
ES51,Heating Tertiary,2010,2733,4.826380163614299e-05,2010/04/24 20:00:00
ES51,Heating Tertiary,2010,2734,5.1101801732351193e-05,2010/04/24 21:00:00
ES51,Heating Tertiary,2010,2735,5.769480195585392e-05,2010/04/24 22:00:00
ES51,Heating Tertiary,2010,2736,6.79514023035527e-05,2010/04/24 23:00:00
ES51,Heating Tertiary,2010,2737,5.034620170673635e-05,2010/04/25 00:00:00
ES51,Heating Tertiary,2010,2738,5.7998201966139175e-05,2010/04/25 01:00:00
ES51,Heating Tertiary,2010,2739,6.417640217558018e-05,2010/04/25 02:00:00
ES51,Heating Tertiary,2010,2740,6.79813023045663e-05,2010/04/25 03:00:00
ES51,Heating Tertiary,2010,2741,6.971200236323705e-05,2010/04/25 04:00:00
ES51,Heating Tertiary,2010,2742,7.030530238334991e-05,2010/04/25 05:00:00
ES51,Heating Tertiary,2010,2743,6.904080234048336e-05,2010/04/25 06:00:00
ES51,Heating Tertiary,2010,2744,6.532650221456857e-05,2010/04/25 07:00:00
ES51,Heating Tertiary,2010,2745,5.94370020149145e-05,2010/04/25 08:00:00
ES51,Heating Tertiary,2010,2746,5.2487801779336595e-05,2010/04/25 09:00:00
ES51,Heating Tertiary,2010,2747,4.5969401558362814e-05,2010/04/25 10:00:00
ES51,Heating Tertiary,2010,2748,4.094630138807971e-05,2010/04/25 11:00:00
ES51,Heating Tertiary,2010,2749,3.7478601270524664e-05,2010/04/25 12:00:00
ES51,Heating Tertiary,2010,2750,3.480570117991335e-05,2010/04/25 13:00:00
ES51,Heating Tertiary,2010,2751,3.2747101110126805e-05,2010/04/25 14:00:00
ES51,Heating Tertiary,2010,2752,3.161040107159267e-05,2010/04/25 15:00:00
ES51,Heating Tertiary,2010,2753,3.110410105442909e-05,2010/04/25 16:00:00
ES51,Heating Tertiary,2010,2754,3.086050104617105e-05,2010/04/25 17:00:00
ES51,Heating Tertiary,2010,2755,3.0470201032939883e-05,2010/04/25 18:00:00
ES51,Heating Tertiary,2010,2756,3.033570102838033e-05,2010/04/25 19:00:00
ES51,Heating Tertiary,2010,2757,3.0879601046818544e-05,2010/04/25 20:00:00
ES51,Heating Tertiary,2010,2758,3.283820111321509e-05,2010/04/25 21:00:00
ES51,Heating Tertiary,2010,2759,3.686350124967278e-05,2010/04/25 22:00:00
ES51,Heating Tertiary,2010,2760,4.286990145328976e-05,2010/04/25 23:00:00
ES51,Heating Tertiary,2010,2761,2.2416800759929593e-05,2010/04/26 00:00:00
ES51,Heating Tertiary,2010,2762,2.5392200860795665e-05,2010/04/26 01:00:00
ES51,Heating Tertiary,2010,2763,2.7669000937979196e-05,2010/04/26 02:00:00
ES51,Heating Tertiary,2010,2764,2.903820098439508e-05,2010/04/26 03:00:00
ES51,Heating Tertiary,2010,2765,2.9748101008460694e-05,2010/04/26 04:00:00
ES51,Heating Tertiary,2010,2766,3.0011601017393342e-05,2010/04/26 05:00:00
ES51,Heating Tertiary,2010,2767,2.9456600998578843e-05,2010/04/26 06:00:00
ES51,Heating Tertiary,2010,2768,2.7709500939352142e-05,2010/04/26 07:00:00
ES51,Heating Tertiary,2010,2769,2.4972300846561056e-05,2010/04/26 08:00:00
ES51,Heating Tertiary,2010,2770,2.1845300740555745e-05,2010/04/26 09:00:00
ES51,Heating Tertiary,2010,2771,1.9039500645439116e-05,2010/04/26 10:00:00
ES51,Heating Tertiary,2010,2772,1.6872500571977807e-05,2010/04/26 11:00:00
ES51,Heating Tertiary,2010,2773,1.5367500520958302e-05,2010/04/26 12:00:00
ES51,Heating Tertiary,2010,2774,1.4242100482807239e-05,2010/04/26 13:00:00
ES51,Heating Tertiary,2010,2775,1.3487000457209345e-05,2010/04/26 14:00:00
ES51,Heating Tertiary,2010,2776,1.3152100445856235e-05,2010/04/26 15:00:00
ES51,Heating Tertiary,2010,2777,1.3170300446473214e-05,2010/04/26 16:00:00
ES51,Heating Tertiary,2010,2778,1.3304600451025986e-05,2010/04/26 17:00:00
ES51,Heating Tertiary,2010,2779,1.3349600452551486e-05,2010/04/26 18:00:00
ES51,Heating Tertiary,2010,2780,1.3423300455049915e-05,2010/04/26 19:00:00
ES51,Heating Tertiary,2010,2781,1.3752200466199626e-05,2010/04/26 20:00:00
ES51,Heating Tertiary,2010,2782,1.470530049850972e-05,2010/04/26 21:00:00
ES51,Heating Tertiary,2010,2783,1.6552100561116244e-05,2010/04/26 22:00:00
ES51,Heating Tertiary,2010,2784,1.9257400652825927e-05,2010/04/26 23:00:00
ES51,Heating Tertiary,2010,2785,2.2416800759929593e-05,2010/04/27 00:00:00
ES51,Heating Tertiary,2010,2786,2.5392200860795665e-05,2010/04/27 01:00:00
ES51,Heating Tertiary,2010,2787,2.7669000937979196e-05,2010/04/27 02:00:00
ES51,Heating Tertiary,2010,2788,2.903820098439508e-05,2010/04/27 03:00:00
ES51,Heating Tertiary,2010,2789,2.9748101008460694e-05,2010/04/27 04:00:00
ES51,Heating Tertiary,2010,2790,3.0011601017393342e-05,2010/04/27 05:00:00
ES51,Heating Tertiary,2010,2791,2.9456600998578843e-05,2010/04/27 06:00:00
ES51,Heating Tertiary,2010,2792,2.7709500939352142e-05,2010/04/27 07:00:00
ES51,Heating Tertiary,2010,2793,2.4972300846561056e-05,2010/04/27 08:00:00
ES51,Heating Tertiary,2010,2794,2.1845300740555745e-05,2010/04/27 09:00:00
ES51,Heating Tertiary,2010,2795,1.9039500645439116e-05,2010/04/27 10:00:00
ES51,Heating Tertiary,2010,2796,1.6872500571977807e-05,2010/04/27 11:00:00
ES51,Heating Tertiary,2010,2797,1.5367500520958302e-05,2010/04/27 12:00:00
ES51,Heating Tertiary,2010,2798,1.4242100482807239e-05,2010/04/27 13:00:00
ES51,Heating Tertiary,2010,2799,1.3487000457209345e-05,2010/04/27 14:00:00
ES51,Heating Tertiary,2010,2800,1.3152100445856235e-05,2010/04/27 15:00:00
ES51,Heating Tertiary,2010,2801,1.3170300446473214e-05,2010/04/27 16:00:00
ES51,Heating Tertiary,2010,2802,1.3304600451025986e-05,2010/04/27 17:00:00
ES51,Heating Tertiary,2010,2803,1.3349600452551486e-05,2010/04/27 18:00:00
ES51,Heating Tertiary,2010,2804,1.3423300455049915e-05,2010/04/27 19:00:00
ES51,Heating Tertiary,2010,2805,1.3752200466199626e-05,2010/04/27 20:00:00
ES51,Heating Tertiary,2010,2806,1.470530049850972e-05,2010/04/27 21:00:00
ES51,Heating Tertiary,2010,2807,1.6552100561116244e-05,2010/04/27 22:00:00
ES51,Heating Tertiary,2010,2808,1.9257400652825927e-05,2010/04/27 23:00:00
ES51,Heating Tertiary,2010,2809,2.2416800759929593e-05,2010/04/28 00:00:00
ES51,Heating Tertiary,2010,2810,2.5392200860795665e-05,2010/04/28 01:00:00
ES51,Heating Tertiary,2010,2811,2.7669000937979196e-05,2010/04/28 02:00:00
ES51,Heating Tertiary,2010,2812,2.903820098439508e-05,2010/04/28 03:00:00
ES51,Heating Tertiary,2010,2813,2.9748101008460694e-05,2010/04/28 04:00:00
ES51,Heating Tertiary,2010,2814,3.0011601017393342e-05,2010/04/28 05:00:00
ES51,Heating Tertiary,2010,2815,2.9456600998578843e-05,2010/04/28 06:00:00
ES51,Heating Tertiary,2010,2816,2.7709500939352142e-05,2010/04/28 07:00:00
ES51,Heating Tertiary,2010,2817,2.4972300846561056e-05,2010/04/28 08:00:00
ES51,Heating Tertiary,2010,2818,2.1845300740555745e-05,2010/04/28 09:00:00
ES51,Heating Tertiary,2010,2819,1.9039500645439116e-05,2010/04/28 10:00:00
ES51,Heating Tertiary,2010,2820,1.6872500571977807e-05,2010/04/28 11:00:00
ES51,Heating Tertiary,2010,2821,1.5367500520958302e-05,2010/04/28 12:00:00
ES51,Heating Tertiary,2010,2822,1.4242100482807239e-05,2010/04/28 13:00:00
ES51,Heating Tertiary,2010,2823,1.3487000457209345e-05,2010/04/28 14:00:00
ES51,Heating Tertiary,2010,2824,1.3152100445856235e-05,2010/04/28 15:00:00
ES51,Heating Tertiary,2010,2825,1.3170300446473214e-05,2010/04/28 16:00:00
ES51,Heating Tertiary,2010,2826,1.3304600451025986e-05,2010/04/28 17:00:00
ES51,Heating Tertiary,2010,2827,1.3349600452551486e-05,2010/04/28 18:00:00
ES51,Heating Tertiary,2010,2828,1.3423300455049915e-05,2010/04/28 19:00:00
ES51,Heating Tertiary,2010,2829,1.3752200466199626e-05,2010/04/28 20:00:00
ES51,Heating Tertiary,2010,2830,1.470530049850972e-05,2010/04/28 21:00:00
ES51,Heating Tertiary,2010,2831,1.6552100561116244e-05,2010/04/28 22:00:00
ES51,Heating Tertiary,2010,2832,1.9257400652825927e-05,2010/04/28 23:00:00
ES51,Heating Tertiary,2010,2833,2.2416800759929593e-05,2010/04/29 00:00:00
ES51,Heating Tertiary,2010,2834,2.5392200860795665e-05,2010/04/29 01:00:00
ES51,Heating Tertiary,2010,2835,2.7669000937979196e-05,2010/04/29 02:00:00
ES51,Heating Tertiary,2010,2836,2.903820098439508e-05,2010/04/29 03:00:00
ES51,Heating Tertiary,2010,2837,2.9748101008460694e-05,2010/04/29 04:00:00
ES51,Heating Tertiary,2010,2838,3.0011601017393342e-05,2010/04/29 05:00:00
ES51,Heating Tertiary,2010,2839,2.9456600998578843e-05,2010/04/29 06:00:00
ES51,Heating Tertiary,2010,2840,2.7709500939352142e-05,2010/04/29 07:00:00
ES51,Heating Tertiary,2010,2841,2.4972300846561056e-05,2010/04/29 08:00:00
ES51,Heating Tertiary,2010,2842,2.1845300740555745e-05,2010/04/29 09:00:00
ES51,Heating Tertiary,2010,2843,1.9039500645439116e-05,2010/04/29 10:00:00
ES51,Heating Tertiary,2010,2844,1.6872500571977807e-05,2010/04/29 11:00:00
ES51,Heating Tertiary,2010,2845,1.5367500520958302e-05,2010/04/29 12:00:00
ES51,Heating Tertiary,2010,2846,1.4242100482807239e-05,2010/04/29 13:00:00
ES51,Heating Tertiary,2010,2847,1.3487000457209345e-05,2010/04/29 14:00:00
ES51,Heating Tertiary,2010,2848,1.3152100445856235e-05,2010/04/29 15:00:00
ES51,Heating Tertiary,2010,2849,1.3170300446473214e-05,2010/04/29 16:00:00
ES51,Heating Tertiary,2010,2850,1.3304600451025986e-05,2010/04/29 17:00:00
ES51,Heating Tertiary,2010,2851,1.3349600452551486e-05,2010/04/29 18:00:00
ES51,Heating Tertiary,2010,2852,1.3423300455049915e-05,2010/04/29 19:00:00
ES51,Heating Tertiary,2010,2853,1.3752200466199626e-05,2010/04/29 20:00:00
ES51,Heating Tertiary,2010,2854,1.470530049850972e-05,2010/04/29 21:00:00
ES51,Heating Tertiary,2010,2855,1.6552100561116244e-05,2010/04/29 22:00:00
ES51,Heating Tertiary,2010,2856,1.9257400652825927e-05,2010/04/29 23:00:00
ES51,Heating Tertiary,2010,2857,2.2416800759929593e-05,2010/04/30 00:00:00
ES51,Heating Tertiary,2010,2858,2.5392200860795665e-05,2010/04/30 01:00:00
ES51,Heating Tertiary,2010,2859,2.7669000937979196e-05,2010/04/30 02:00:00
ES51,Heating Tertiary,2010,2860,2.903820098439508e-05,2010/04/30 03:00:00
ES51,Heating Tertiary,2010,2861,2.9748101008460694e-05,2010/04/30 04:00:00
ES51,Heating Tertiary,2010,2862,3.0011601017393342e-05,2010/04/30 05:00:00
ES51,Heating Tertiary,2010,2863,2.9456600998578843e-05,2010/04/30 06:00:00
ES51,Heating Tertiary,2010,2864,2.7709500939352142e-05,2010/04/30 07:00:00
ES51,Heating Tertiary,2010,2865,2.4972300846561056e-05,2010/04/30 08:00:00
ES51,Heating Tertiary,2010,2866,2.1845300740555745e-05,2010/04/30 09:00:00
ES51,Heating Tertiary,2010,2867,1.9039500645439116e-05,2010/04/30 10:00:00
ES51,Heating Tertiary,2010,2868,1.6872500571977807e-05,2010/04/30 11:00:00
ES51,Heating Tertiary,2010,2869,1.5367500520958302e-05,2010/04/30 12:00:00
ES51,Heating Tertiary,2010,2870,1.4242100482807239e-05,2010/04/30 13:00:00
ES51,Heating Tertiary,2010,2871,1.3487000457209345e-05,2010/04/30 14:00:00
ES51,Heating Tertiary,2010,2872,1.3152100445856235e-05,2010/04/30 15:00:00
ES51,Heating Tertiary,2010,2873,1.3170300446473214e-05,2010/04/30 16:00:00
ES51,Heating Tertiary,2010,2874,1.3304600451025986e-05,2010/04/30 17:00:00
ES51,Heating Tertiary,2010,2875,1.3349600452551486e-05,2010/04/30 18:00:00
ES51,Heating Tertiary,2010,2876,1.3423300455049915e-05,2010/04/30 19:00:00
ES51,Heating Tertiary,2010,2877,1.3752200466199626e-05,2010/04/30 20:00:00
ES51,Heating Tertiary,2010,2878,1.470530049850972e-05,2010/04/30 21:00:00
ES51,Heating Tertiary,2010,2879,1.6552100561116244e-05,2010/04/30 22:00:00
ES51,Heating Tertiary,2010,2880,1.9257400652825927e-05,2010/04/30 23:00:00
ES51,Heating Tertiary,2010,2881,2.3236800787727598e-05,2010/05/01 00:00:00
ES51,Heating Tertiary,2010,2882,2.6768400907448852e-05,2010/05/01 01:00:00
ES51,Heating Tertiary,2010,2883,2.9619901004114713e-05,2010/05/01 02:00:00
ES51,Heating Tertiary,2010,2884,3.1376001063646505e-05,2010/05/01 03:00:00
ES51,Heating Tertiary,2010,2885,3.2174801090725826e-05,2010/05/01 04:00:00
ES51,Heating Tertiary,2010,2886,3.244870110001104e-05,2010/05/01 05:00:00
ES51,Heating Tertiary,2010,2887,3.1865001080223605e-05,2010/05/01 06:00:00
ES51,Heating Tertiary,2010,2888,3.0150701022108832e-05,2010/05/01 07:00:00
ES51,Heating Tertiary,2010,2889,2.7432500929961846e-05,2010/05/01 08:00:00
ES51,Heating Tertiary,2010,2890,2.4225200821234363e-05,2010/05/01 09:00:00
ES51,Heating Tertiary,2010,2891,2.1216700719246202e-05,2010/05/01 10:00:00
ES51,Heating Tertiary,2010,2892,1.8898300640652433e-05,2010/05/01 11:00:00
ES51,Heating Tertiary,2010,2893,1.7297800586395477e-05,2010/05/01 12:00:00
ES51,Heating Tertiary,2010,2894,1.6064200544576433e-05,2010/05/01 13:00:00
ES51,Heating Tertiary,2010,2895,1.5114100512368043e-05,2010/05/01 14:00:00
ES51,Heating Tertiary,2010,2896,1.458940049458071e-05,2010/05/01 15:00:00
ES51,Heating Tertiary,2010,2897,1.435580048666167e-05,2010/05/01 16:00:00
ES51,Heating Tertiary,2010,2898,1.4243300482847918e-05,2010/05/01 17:00:00
ES51,Heating Tertiary,2010,2899,1.4063200476742528e-05,2010/05/01 18:00:00
ES51,Heating Tertiary,2010,2900,1.4001100474637337e-05,2010/05/01 19:00:00
ES51,Heating Tertiary,2010,2901,1.4252200483149628e-05,2010/05/01 20:00:00
ES51,Heating Tertiary,2010,2902,1.5156000513788453e-05,2010/05/01 21:00:00
ES51,Heating Tertiary,2010,2903,1.7014000576774658e-05,2010/05/01 22:00:00
ES51,Heating Tertiary,2010,2904,1.9786100670748857e-05,2010/05/01 23:00:00
ES51,Heating Tertiary,2010,2905,5.034620170673635e-05,2010/05/02 00:00:00
ES51,Heating Tertiary,2010,2906,5.7998201966139175e-05,2010/05/02 01:00:00
ES51,Heating Tertiary,2010,2907,6.417640217558018e-05,2010/05/02 02:00:00
ES51,Heating Tertiary,2010,2908,6.79813023045663e-05,2010/05/02 03:00:00
ES51,Heating Tertiary,2010,2909,6.971200236323705e-05,2010/05/02 04:00:00
ES51,Heating Tertiary,2010,2910,7.030530238334991e-05,2010/05/02 05:00:00
ES51,Heating Tertiary,2010,2911,6.904080234048336e-05,2010/05/02 06:00:00
ES51,Heating Tertiary,2010,2912,6.532650221456857e-05,2010/05/02 07:00:00
ES51,Heating Tertiary,2010,2913,5.94370020149145e-05,2010/05/02 08:00:00
ES51,Heating Tertiary,2010,2914,5.2487801779336595e-05,2010/05/02 09:00:00
ES51,Heating Tertiary,2010,2915,4.5969401558362814e-05,2010/05/02 10:00:00
ES51,Heating Tertiary,2010,2916,4.094630138807971e-05,2010/05/02 11:00:00
ES51,Heating Tertiary,2010,2917,3.7478601270524664e-05,2010/05/02 12:00:00
ES51,Heating Tertiary,2010,2918,3.480570117991335e-05,2010/05/02 13:00:00
ES51,Heating Tertiary,2010,2919,3.2747101110126805e-05,2010/05/02 14:00:00
ES51,Heating Tertiary,2010,2920,3.161040107159267e-05,2010/05/02 15:00:00
ES51,Heating Tertiary,2010,2921,3.110410105442909e-05,2010/05/02 16:00:00
ES51,Heating Tertiary,2010,2922,3.086050104617105e-05,2010/05/02 17:00:00
ES51,Heating Tertiary,2010,2923,3.0470201032939883e-05,2010/05/02 18:00:00
ES51,Heating Tertiary,2010,2924,3.033570102838033e-05,2010/05/02 19:00:00
ES51,Heating Tertiary,2010,2925,3.0879601046818544e-05,2010/05/02 20:00:00
ES51,Heating Tertiary,2010,2926,3.283820111321509e-05,2010/05/02 21:00:00
ES51,Heating Tertiary,2010,2927,3.686350124967278e-05,2010/05/02 22:00:00
ES51,Heating Tertiary,2010,2928,4.286990145328976e-05,2010/05/02 23:00:00
ES51,Heating Tertiary,2010,2929,7.659080259642839e-05,2010/05/03 00:00:00
ES51,Heating Tertiary,2010,2930,8.675670294105242e-05,2010/05/03 01:00:00
ES51,Heating Tertiary,2010,2931,9.453580320476393e-05,2010/05/03 02:00:00
ES51,Heating Tertiary,2010,2932,9.921400336335494e-05,2010/05/03 03:00:00
ES51,Heating Tertiary,2010,2933,0.00010163900344556245,2010/05/03 04:00:00
ES51,Heating Tertiary,2010,2934,0.00010253900347607245,2010/05/03 05:00:00
ES51,Heating Tertiary,2010,2935,0.00010064300341179804,2010/05/03 06:00:00
ES51,Heating Tertiary,2010,2936,9.46741032094523e-05,2010/05/03 07:00:00
ES51,Heating Tertiary,2010,2937,8.53219028924127e-05,2010/05/03 08:00:00
ES51,Heating Tertiary,2010,2938,7.463810253023184e-05,2010/05/03 09:00:00
ES51,Heating Tertiary,2010,2939,6.505170220525285e-05,2010/05/03 10:00:00
ES51,Heating Tertiary,2010,2940,5.764760195425383e-05,2010/05/03 11:00:00
ES51,Heating Tertiary,2010,2941,5.2505501779936625e-05,2010/05/03 12:00:00
ES51,Heating Tertiary,2010,2942,4.866030164958434e-05,2010/05/03 13:00:00
ES51,Heating Tertiary,2010,2943,4.608020156211894e-05,2010/05/03 14:00:00
ES51,Heating Tertiary,2010,2944,4.493640152334411e-05,2010/05/03 15:00:00
ES51,Heating Tertiary,2010,2945,4.49986015254527e-05,2010/05/03 16:00:00
ES51,Heating Tertiary,2010,2946,4.545730154100262e-05,2010/05/03 17:00:00
ES51,Heating Tertiary,2010,2947,4.561130154622323e-05,2010/05/03 18:00:00
ES51,Heating Tertiary,2010,2948,4.586290155475247e-05,2010/05/03 19:00:00
ES51,Heating Tertiary,2010,2949,4.69866015928459e-05,2010/05/03 20:00:00
ES51,Heating Tertiary,2010,2950,5.024300170323787e-05,2010/05/03 21:00:00
ES51,Heating Tertiary,2010,2951,5.655310191715028e-05,2010/05/03 22:00:00
ES51,Heating Tertiary,2010,2952,6.57963022304948e-05,2010/05/03 23:00:00
ES51,Heating Tertiary,2010,2953,0.00018540600628526402,2010/05/04 00:00:00
ES51,Heating Tertiary,2010,2954,0.0002100150071195092,2010/05/04 01:00:00
ES51,Heating Tertiary,2010,2955,0.0002288460077578802,2010/05/04 02:00:00
ES51,Heating Tertiary,2010,2956,0.0002401700081417638,2010/05/04 03:00:00
ES51,Heating Tertiary,2010,2957,0.00024604200834082464,2010/05/04 04:00:00
ES51,Heating Tertiary,2010,2958,0.00024822000841465884,2010/05/04 05:00:00
ES51,Heating Tertiary,2010,2959,0.00024363000825905782,2010/05/04 06:00:00
ES51,Heating Tertiary,2010,2960,0.0002291800077692028,2010/05/04 07:00:00
ES51,Heating Tertiary,2010,2961,0.0002065410070017406,2010/05/04 08:00:00
ES51,Heating Tertiary,2010,2962,0.00018067900612501873,2010/05/04 09:00:00
ES51,Heating Tertiary,2010,2963,0.00015747200533830133,2010/05/04 10:00:00
ES51,Heating Tertiary,2010,2964,0.00013955000473074548,2010/05/04 11:00:00
ES51,Heating Tertiary,2010,2965,0.00012710200430875824,2010/05/04 12:00:00
ES51,Heating Tertiary,2010,2966,0.000117794003993217,2010/05/04 13:00:00
ES51,Heating Tertiary,2010,2967,0.00011154800378147758,2010/05/04 14:00:00
ES51,Heating Tertiary,2010,2968,0.00010877900368760847,2010/05/04 15:00:00
ES51,Heating Tertiary,2010,2969,0.00010893000369272737,2010/05/04 16:00:00
ES51,Heating Tertiary,2010,2970,0.00011004000373035638,2010/05/04 17:00:00
ES51,Heating Tertiary,2010,2971,0.00011041200374296718,2010/05/04 18:00:00
ES51,Heating Tertiary,2010,2972,0.00011102100376361227,2010/05/04 19:00:00
ES51,Heating Tertiary,2010,2973,0.00011374200385585419,2010/05/04 20:00:00
ES51,Heating Tertiary,2010,2974,0.00012162500412308791,2010/05/04 21:00:00
ES51,Heating Tertiary,2010,2975,0.00013690000464091048,2010/05/04 22:00:00
ES51,Heating Tertiary,2010,2976,0.00015927500539942305,2010/05/04 23:00:00
ES51,Heating Tertiary,2010,2977,0.0002084450070662862,2010/05/05 00:00:00
ES51,Heating Tertiary,2010,2978,0.0002361130080042315,2010/05/05 01:00:00
ES51,Heating Tertiary,2010,2979,0.0002572830087218946,2010/05/05 02:00:00
ES51,Heating Tertiary,2010,2980,0.0002700150091535094,2010/05/05 03:00:00
ES51,Heating Tertiary,2010,2981,0.00027661600937728333,2010/05/05 04:00:00
ES51,Heating Tertiary,2010,2982,0.00027906500946030445,2010/05/05 05:00:00
ES51,Heating Tertiary,2010,2983,0.0002739050092853804,2010/05/05 06:00:00
ES51,Heating Tertiary,2010,2984,0.0002576600087346749,2010/05/05 07:00:00
ES51,Heating Tertiary,2010,2985,0.0002322070078718181,2010/05/05 08:00:00
ES51,Heating Tertiary,2010,2986,0.0002031310068861416,2010/05/05 09:00:00
ES51,Heating Tertiary,2010,2987,0.0001770410060016905,2010/05/05 10:00:00
ES51,Heating Tertiary,2010,2988,0.0001568900053185715,2010/05/05 11:00:00
ES51,Heating Tertiary,2010,2989,0.00014289600484417494,2010/05/05 12:00:00
ES51,Heating Tertiary,2010,2990,0.00013243100448941136,2010/05/05 13:00:00
ES51,Heating Tertiary,2010,2991,0.00012541000425139942,2010/05/05 14:00:00
ES51,Heating Tertiary,2010,2992,0.00012229600414583484,2010/05/05 15:00:00
ES51,Heating Tertiary,2010,2993,0.00012246500415156393,2010/05/05 16:00:00
ES51,Heating Tertiary,2010,2994,0.00012371400419390502,2010/05/05 17:00:00
ES51,Heating Tertiary,2010,2995,0.00012413400420814303,2010/05/05 18:00:00
ES51,Heating Tertiary,2010,2996,0.00012481800423133063,2010/05/05 19:00:00
ES51,Heating Tertiary,2010,2997,0.00012787700433503074,2010/05/05 20:00:00
ES51,Heating Tertiary,2010,2998,0.00013673900463545256,2010/05/05 21:00:00
ES51,Heating Tertiary,2010,2999,0.00015391100521758343,2010/05/05 22:00:00
ES51,Heating Tertiary,2010,3000,0.00017906700607037192,2010/05/05 23:00:00
ES51,Heating Tertiary,2010,3001,0.00016298900552532767,2010/05/06 00:00:00
ES51,Heating Tertiary,2010,3002,0.00018462200625868645,2010/05/06 01:00:00
ES51,Heating Tertiary,2010,3003,0.00020117700681990098,2010/05/06 02:00:00
ES51,Heating Tertiary,2010,3004,0.00021113200715737552,2010/05/06 03:00:00
ES51,Heating Tertiary,2010,3005,0.00021629300733233344,2010/05/06 04:00:00
ES51,Heating Tertiary,2010,3006,0.00021820900739728585,2010/05/06 05:00:00
ES51,Heating Tertiary,2010,3007,0.00021417300726046543,2010/05/06 06:00:00
ES51,Heating Tertiary,2010,3008,0.0002014710068298676,2010/05/06 07:00:00
ES51,Heating Tertiary,2010,3009,0.00018156900615518972,2010/05/06 08:00:00
ES51,Heating Tertiary,2010,3010,0.00015883300538443925,2010/05/06 09:00:00
ES51,Heating Tertiary,2010,3011,0.00013843400469291307,2010/05/06 10:00:00
ES51,Heating Tertiary,2010,3012,0.00012267700415875073,2010/05/06 11:00:00
ES51,Heating Tertiary,2010,3013,0.00011173500378781688,2010/05/06 12:00:00
ES51,Heating Tertiary,2010,3014,0.00010355100351037926,2010/05/06 13:00:00
ES51,Heating Tertiary,2010,3015,9.806110332427162e-05,2010/05/06 14:00:00
ES51,Heating Tertiary,2010,3016,9.562670324174546e-05,2010/05/06 15:00:00
ES51,Heating Tertiary,2010,3017,9.57593032462406e-05,2010/05/06 16:00:00
ES51,Heating Tertiary,2010,3018,9.673540327933038e-05,2010/05/06 17:00:00
ES51,Heating Tertiary,2010,3019,9.706310329043942e-05,2010/05/06 18:00:00
ES51,Heating Tertiary,2010,3020,9.759860330859287e-05,2010/05/06 19:00:00
ES51,Heating Tertiary,2010,3021,9.998990338965796e-05,2010/05/06 20:00:00
ES51,Heating Tertiary,2010,3022,0.00010692000362458837,2010/05/06 21:00:00
ES51,Heating Tertiary,2010,3023,0.00012034800407979761,2010/05/06 22:00:00
ES51,Heating Tertiary,2010,3024,0.00014001700474657676,2010/05/06 23:00:00
ES51,Heating Tertiary,2010,3025,0.00016298900552532767,2010/05/07 00:00:00
ES51,Heating Tertiary,2010,3026,0.00018462200625868645,2010/05/07 01:00:00
ES51,Heating Tertiary,2010,3027,0.00020117700681990098,2010/05/07 02:00:00
ES51,Heating Tertiary,2010,3028,0.00021113200715737552,2010/05/07 03:00:00
ES51,Heating Tertiary,2010,3029,0.00021629300733233344,2010/05/07 04:00:00
ES51,Heating Tertiary,2010,3030,0.00021820900739728585,2010/05/07 05:00:00
ES51,Heating Tertiary,2010,3031,0.00021417300726046543,2010/05/07 06:00:00
ES51,Heating Tertiary,2010,3032,0.0002014710068298676,2010/05/07 07:00:00
ES51,Heating Tertiary,2010,3033,0.00018156900615518972,2010/05/07 08:00:00
ES51,Heating Tertiary,2010,3034,0.00015883300538443925,2010/05/07 09:00:00
ES51,Heating Tertiary,2010,3035,0.00013843400469291307,2010/05/07 10:00:00
ES51,Heating Tertiary,2010,3036,0.00012267700415875073,2010/05/07 11:00:00
ES51,Heating Tertiary,2010,3037,0.00011173500378781688,2010/05/07 12:00:00
ES51,Heating Tertiary,2010,3038,0.00010355100351037926,2010/05/07 13:00:00
ES51,Heating Tertiary,2010,3039,9.806110332427162e-05,2010/05/07 14:00:00
ES51,Heating Tertiary,2010,3040,9.562670324174546e-05,2010/05/07 15:00:00
ES51,Heating Tertiary,2010,3041,9.57593032462406e-05,2010/05/07 16:00:00
ES51,Heating Tertiary,2010,3042,9.673540327933038e-05,2010/05/07 17:00:00
ES51,Heating Tertiary,2010,3043,9.706310329043942e-05,2010/05/07 18:00:00
ES51,Heating Tertiary,2010,3044,9.759860330859287e-05,2010/05/07 19:00:00
ES51,Heating Tertiary,2010,3045,9.998990338965796e-05,2010/05/07 20:00:00
ES51,Heating Tertiary,2010,3046,0.00010692000362458837,2010/05/07 21:00:00
ES51,Heating Tertiary,2010,3047,0.00012034800407979761,2010/05/07 22:00:00
ES51,Heating Tertiary,2010,3048,0.00014001700474657676,2010/05/07 23:00:00
ES51,Heating Tertiary,2010,3049,0.00014781800501103065,2010/05/08 00:00:00
ES51,Heating Tertiary,2010,3050,0.00016831600570591293,2010/05/08 01:00:00
ES51,Heating Tertiary,2010,3051,0.0001832970062137689,2010/05/08 02:00:00
ES51,Heating Tertiary,2010,3052,0.00019188200650480046,2010/05/08 03:00:00
ES51,Heating Tertiary,2010,3053,0.00019707300668077537,2010/05/08 04:00:00
ES51,Heating Tertiary,2010,3054,0.00019979400677301728,2010/05/08 05:00:00
ES51,Heating Tertiary,2010,3055,0.00019695600667680907,2010/05/08 06:00:00
ES51,Heating Tertiary,2010,3056,0.00018629100631526553,2010/05/08 07:00:00
ES51,Heating Tertiary,2010,3057,0.00016905600573099893,2010/05/08 08:00:00
ES51,Heating Tertiary,2010,3058,0.00014876300504306622,2010/05/08 09:00:00
ES51,Heating Tertiary,2010,3059,0.00012926700438215173,2010/05/08 10:00:00
ES51,Heating Tertiary,2010,3060,0.0001136560038529388,2010/05/08 11:00:00
ES51,Heating Tertiary,2010,3061,0.00010249400347454694,2010/05/08 12:00:00
ES51,Heating Tertiary,2010,3062,9.430150319682117e-05,2010/05/08 13:00:00
ES51,Heating Tertiary,2010,3063,8.853030300117747e-05,2010/05/08 14:00:00
ES51,Heating Tertiary,2010,3064,8.59908029150884e-05,2010/05/08 15:00:00
ES51,Heating Tertiary,2010,3065,8.631910292621779e-05,2010/05/08 16:00:00
ES51,Heating Tertiary,2010,3066,8.747550296541975e-05,2010/05/08 17:00:00
ES51,Heating Tertiary,2010,3067,8.784090297780681e-05,2010/05/08 18:00:00
ES51,Heating Tertiary,2010,3068,8.776370297518973e-05,2010/05/08 19:00:00
ES51,Heating Tertiary,2010,3069,8.887590301289331e-05,2010/05/08 20:00:00
ES51,Heating Tertiary,2010,3070,9.410200319005812e-05,2010/05/08 21:00:00
ES51,Heating Tertiary,2010,3071,0.00010624300360163805,2010/05/08 22:00:00
ES51,Heating Tertiary,2010,3072,0.00012513000424190743,2010/05/08 23:00:00
ES51,Heating Tertiary,2010,3073,7.939220269139585e-05,2010/05/09 00:00:00
ES51,Heating Tertiary,2010,3074,9.145860310044685e-05,2010/05/09 01:00:00
ES51,Heating Tertiary,2010,3075,0.00010120100343071423,2010/05/09 02:00:00
ES51,Heating Tertiary,2010,3076,0.00010720100363411426,2010/05/09 03:00:00
ES51,Heating Tertiary,2010,3077,0.00010993000372662738,2010/05/09 04:00:00
ES51,Heating Tertiary,2010,3078,0.00011086600375835778,2010/05/09 05:00:00
ES51,Heating Tertiary,2010,3079,0.00010887200369076117,2010/05/09 06:00:00
ES51,Heating Tertiary,2010,3080,0.00010301500349220886,2010/05/09 07:00:00
ES51,Heating Tertiary,2010,3081,9.372770317736935e-05,2010/05/09 08:00:00
ES51,Heating Tertiary,2010,3082,8.276930280587955e-05,2010/05/09 09:00:00
ES51,Heating Tertiary,2010,3083,7.249010245741463e-05,2010/05/09 10:00:00
ES51,Heating Tertiary,2010,3084,6.456910218889272e-05,2010/05/09 11:00:00
ES51,Heating Tertiary,2010,3085,5.910080200351732e-05,2010/05/09 12:00:00
ES51,Heating Tertiary,2010,3086,5.488600186063559e-05,2010/05/09 13:00:00
ES51,Heating Tertiary,2010,3087,5.1639701750586004e-05,2010/05/09 14:00:00
ES51,Heating Tertiary,2010,3088,4.984710168981686e-05,2010/05/09 15:00:00
ES51,Heating Tertiary,2010,3089,4.904890166275788e-05,2010/05/09 16:00:00
ES51,Heating Tertiary,2010,3090,4.86647016497335e-05,2010/05/09 17:00:00
ES51,Heating Tertiary,2010,3091,4.804920162886804e-05,2010/05/09 18:00:00
ES51,Heating Tertiary,2010,3092,4.783710162167785e-05,2010/05/09 19:00:00
ES51,Heating Tertiary,2010,3093,4.869490165075727e-05,2010/05/09 20:00:00
ES51,Heating Tertiary,2010,3094,5.178320175545066e-05,2010/05/09 21:00:00
ES51,Heating Tertiary,2010,3095,5.81310019706411e-05,2010/05/09 22:00:00
ES51,Heating Tertiary,2010,3096,6.760260229172837e-05,2010/05/09 23:00:00
ES51,Heating Tertiary,2010,3097,7.659080259642839e-05,2010/05/10 00:00:00
ES51,Heating Tertiary,2010,3098,8.675670294105242e-05,2010/05/10 01:00:00
ES51,Heating Tertiary,2010,3099,9.453580320476393e-05,2010/05/10 02:00:00
ES51,Heating Tertiary,2010,3100,9.921400336335494e-05,2010/05/10 03:00:00
ES51,Heating Tertiary,2010,3101,0.00010163900344556245,2010/05/10 04:00:00
ES51,Heating Tertiary,2010,3102,0.00010253900347607245,2010/05/10 05:00:00
ES51,Heating Tertiary,2010,3103,0.00010064300341179804,2010/05/10 06:00:00
ES51,Heating Tertiary,2010,3104,9.46741032094523e-05,2010/05/10 07:00:00
ES51,Heating Tertiary,2010,3105,8.53219028924127e-05,2010/05/10 08:00:00
ES51,Heating Tertiary,2010,3106,7.463810253023184e-05,2010/05/10 09:00:00
ES51,Heating Tertiary,2010,3107,6.505170220525285e-05,2010/05/10 10:00:00
ES51,Heating Tertiary,2010,3108,5.764760195425383e-05,2010/05/10 11:00:00
ES51,Heating Tertiary,2010,3109,5.2505501779936625e-05,2010/05/10 12:00:00
ES51,Heating Tertiary,2010,3110,4.866030164958434e-05,2010/05/10 13:00:00
ES51,Heating Tertiary,2010,3111,4.608020156211894e-05,2010/05/10 14:00:00
ES51,Heating Tertiary,2010,3112,4.493640152334411e-05,2010/05/10 15:00:00
ES51,Heating Tertiary,2010,3113,4.49986015254527e-05,2010/05/10 16:00:00
ES51,Heating Tertiary,2010,3114,4.545730154100262e-05,2010/05/10 17:00:00
ES51,Heating Tertiary,2010,3115,4.561130154622323e-05,2010/05/10 18:00:00
ES51,Heating Tertiary,2010,3116,4.586290155475247e-05,2010/05/10 19:00:00
ES51,Heating Tertiary,2010,3117,4.69866015928459e-05,2010/05/10 20:00:00
ES51,Heating Tertiary,2010,3118,5.024300170323787e-05,2010/05/10 21:00:00
ES51,Heating Tertiary,2010,3119,5.655310191715028e-05,2010/05/10 22:00:00
ES51,Heating Tertiary,2010,3120,6.57963022304948e-05,2010/05/10 23:00:00
ES51,Heating Tertiary,2010,3121,4.856980164651639e-05,2010/05/11 00:00:00
ES51,Heating Tertiary,2010,3122,5.501640186505614e-05,2010/05/11 01:00:00
ES51,Heating Tertiary,2010,3123,5.994950203228826e-05,2010/05/11 02:00:00
ES51,Heating Tertiary,2010,3124,6.291620213285939e-05,2010/05/11 03:00:00
ES51,Heating Tertiary,2010,3125,6.44542021849976e-05,2010/05/11 04:00:00
ES51,Heating Tertiary,2010,3126,6.502510220435111e-05,2010/05/11 05:00:00
ES51,Heating Tertiary,2010,3127,6.382250216358296e-05,2010/05/11 06:00:00
ES51,Heating Tertiary,2010,3128,6.0037202035261284e-05,2010/05/11 07:00:00
ES51,Heating Tertiary,2010,3129,5.410660183421392e-05,2010/05/11 08:00:00
ES51,Heating Tertiary,2010,3130,4.733150160453801e-05,2010/05/11 09:00:00
ES51,Heating Tertiary,2010,3131,4.125230139845311e-05,2010/05/11 10:00:00
ES51,Heating Tertiary,2010,3132,3.655700123928243e-05,2010/05/11 11:00:00
ES51,Heating Tertiary,2010,3133,3.3296201128741294e-05,2010/05/11 12:00:00
ES51,Heating Tertiary,2010,3134,3.0857801046079525e-05,2010/05/11 13:00:00
ES51,Heating Tertiary,2010,3135,2.9221600990612338e-05,2010/05/11 14:00:00
ES51,Heating Tertiary,2010,3136,2.849620096602128e-05,2010/05/11 15:00:00
ES51,Heating Tertiary,2010,3137,2.8535700967360325e-05,2010/05/11 16:00:00
ES51,Heating Tertiary,2010,3138,2.8826600977221836e-05,2010/05/11 17:00:00
ES51,Heating Tertiary,2010,3139,2.8924200980530476e-05,2010/05/11 18:00:00
ES51,Heating Tertiary,2010,3140,2.908380098594092e-05,2010/05/11 19:00:00
ES51,Heating Tertiary,2010,3141,2.979640101009806e-05,2010/05/11 20:00:00
ES51,Heating Tertiary,2010,3142,3.186140108010157e-05,2010/05/11 21:00:00
ES51,Heating Tertiary,2010,3143,3.586290121575243e-05,2010/05/11 22:00:00
ES51,Heating Tertiary,2010,3144,4.172450141446069e-05,2010/05/11 23:00:00
ES51,Heating Tertiary,2010,3145,4.856980164651639e-05,2010/05/12 00:00:00
ES51,Heating Tertiary,2010,3146,5.501640186505614e-05,2010/05/12 01:00:00
ES51,Heating Tertiary,2010,3147,5.994950203228826e-05,2010/05/12 02:00:00
ES51,Heating Tertiary,2010,3148,6.291620213285939e-05,2010/05/12 03:00:00
ES51,Heating Tertiary,2010,3149,6.44542021849976e-05,2010/05/12 04:00:00
ES51,Heating Tertiary,2010,3150,6.502510220435111e-05,2010/05/12 05:00:00
ES51,Heating Tertiary,2010,3151,6.382250216358296e-05,2010/05/12 06:00:00
ES51,Heating Tertiary,2010,3152,6.0037202035261284e-05,2010/05/12 07:00:00
ES51,Heating Tertiary,2010,3153,5.410660183421392e-05,2010/05/12 08:00:00
ES51,Heating Tertiary,2010,3154,4.733150160453801e-05,2010/05/12 09:00:00
ES51,Heating Tertiary,2010,3155,4.125230139845311e-05,2010/05/12 10:00:00
ES51,Heating Tertiary,2010,3156,3.655700123928243e-05,2010/05/12 11:00:00
ES51,Heating Tertiary,2010,3157,3.3296201128741294e-05,2010/05/12 12:00:00
ES51,Heating Tertiary,2010,3158,3.0857801046079525e-05,2010/05/12 13:00:00
ES51,Heating Tertiary,2010,3159,2.9221600990612338e-05,2010/05/12 14:00:00
ES51,Heating Tertiary,2010,3160,2.849620096602128e-05,2010/05/12 15:00:00
ES51,Heating Tertiary,2010,3161,2.8535700967360325e-05,2010/05/12 16:00:00
ES51,Heating Tertiary,2010,3162,2.8826600977221836e-05,2010/05/12 17:00:00
ES51,Heating Tertiary,2010,3163,2.8924200980530476e-05,2010/05/12 18:00:00
ES51,Heating Tertiary,2010,3164,2.908380098594092e-05,2010/05/12 19:00:00
ES51,Heating Tertiary,2010,3165,2.979640101009806e-05,2010/05/12 20:00:00
ES51,Heating Tertiary,2010,3166,3.186140108010157e-05,2010/05/12 21:00:00
ES51,Heating Tertiary,2010,3167,3.586290121575243e-05,2010/05/12 22:00:00
ES51,Heating Tertiary,2010,3168,4.172450141446069e-05,2010/05/12 23:00:00
ES51,Heating Tertiary,2010,3169,9.760660330886408e-05,2010/05/13 00:00:00
ES51,Heating Tertiary,2010,3170,0.00011056200374805218,2010/05/13 01:00:00
ES51,Heating Tertiary,2010,3171,0.00012047600408413681,2010/05/13 02:00:00
ES51,Heating Tertiary,2010,3172,0.00012643800428624864,2010/05/13 03:00:00
ES51,Heating Tertiary,2010,3173,0.00012952800439099962,2010/05/13 04:00:00
ES51,Heating Tertiary,2010,3174,0.00013067600442991686,2010/05/13 05:00:00
ES51,Heating Tertiary,2010,3175,0.00012825900434798053,2010/05/13 06:00:00
ES51,Heating Tertiary,2010,3176,0.00012065200409010321,2010/05/13 07:00:00
ES51,Heating Tertiary,2010,3177,0.00010873400368608297,2010/05/13 08:00:00
ES51,Heating Tertiary,2010,3178,9.511810322450392e-05,2010/05/13 09:00:00
ES51,Heating Tertiary,2010,3179,8.290130281035436e-05,2010/05/13 10:00:00
ES51,Heating Tertiary,2010,3180,7.34655024904807e-05,2010/05/13 11:00:00
ES51,Heating Tertiary,2010,3181,6.691260226833736e-05,2010/05/13 12:00:00
ES51,Heating Tertiary,2010,3182,6.201220210221379e-05,2010/05/13 13:00:00
ES51,Heating Tertiary,2010,3183,5.8724201990750585e-05,2010/05/13 14:00:00
ES51,Heating Tertiary,2010,3184,5.7266401941331154e-05,2010/05/13 15:00:00
ES51,Heating Tertiary,2010,3185,5.734590194402621e-05,2010/05/13 16:00:00
ES51,Heating Tertiary,2010,3186,5.7930401963840755e-05,2010/05/13 17:00:00
ES51,Heating Tertiary,2010,3187,5.812660197049194e-05,2010/05/13 18:00:00
ES51,Heating Tertiary,2010,3188,5.8447301981363667e-05,2010/05/13 19:00:00
ES51,Heating Tertiary,2010,3189,5.987940202991186e-05,2010/05/13 20:00:00
ES51,Heating Tertiary,2010,3190,6.402910217058671e-05,2010/05/13 21:00:00
ES51,Heating Tertiary,2010,3191,7.207070244319697e-05,2010/05/13 22:00:00
ES51,Heating Tertiary,2010,3192,8.385020284252207e-05,2010/05/13 23:00:00
ES51,Heating Tertiary,2010,3193,0.00014103900478122257,2010/05/14 00:00:00
ES51,Heating Tertiary,2010,3194,0.00015975900541583064,2010/05/14 01:00:00
ES51,Heating Tertiary,2010,3195,0.0001740840059014482,2010/05/14 02:00:00
ES51,Heating Tertiary,2010,3196,0.00018269900619349673,2010/05/14 03:00:00
ES51,Heating Tertiary,2010,3197,0.00018716500634489413,2010/05/14 04:00:00
ES51,Heating Tertiary,2010,3198,0.00018882300640110034,2010/05/14 05:00:00
ES51,Heating Tertiary,2010,3199,0.00018533000628268763,2010/05/14 06:00:00
ES51,Heating Tertiary,2010,3200,0.00017433900591009273,2010/05/14 07:00:00
ES51,Heating Tertiary,2010,3201,0.00015711700532626687,2010/05/14 08:00:00
ES51,Heating Tertiary,2010,3202,0.00013744300465931816,2010/05/14 09:00:00
ES51,Heating Tertiary,2010,3203,0.0001197910040609153,2010/05/14 10:00:00
ES51,Heating Tertiary,2010,3204,0.00010615600359868876,2010/05/14 11:00:00
ES51,Heating Tertiary,2010,3205,9.668700327768962e-05,2010/05/14 12:00:00
ES51,Heating Tertiary,2010,3206,8.96061030376471e-05,2010/05/14 13:00:00
ES51,Heating Tertiary,2010,3207,8.485520287659157e-05,2010/05/14 14:00:00
ES51,Heating Tertiary,2010,3208,8.274870280518121e-05,2010/05/14 15:00:00
ES51,Heating Tertiary,2010,3209,8.286330280906615e-05,2010/05/14 16:00:00
ES51,Heating Tertiary,2010,3210,8.370800283770149e-05,2010/05/14 17:00:00
ES51,Heating Tertiary,2010,3211,8.399160284731553e-05,2010/05/14 18:00:00
ES51,Heating Tertiary,2010,3212,8.44549028630214e-05,2010/05/14 19:00:00
ES51,Heating Tertiary,2010,3213,8.65241029331673e-05,2010/05/14 20:00:00
ES51,Heating Tertiary,2010,3214,9.252060313644865e-05,2010/05/14 21:00:00
ES51,Heating Tertiary,2010,3215,0.00010414000353034636,2010/05/14 22:00:00
ES51,Heating Tertiary,2010,3216,0.00012116200410739222,2010/05/14 23:00:00
ES51,Heating Tertiary,2010,3217,0.00017082300579090024,2010/05/15 00:00:00
ES51,Heating Tertiary,2010,3218,0.00019451100659392356,2010/05/15 01:00:00
ES51,Heating Tertiary,2010,3219,0.00021182300718080042,2010/05/15 02:00:00
ES51,Heating Tertiary,2010,3220,0.00022174400751712238,2010/05/15 03:00:00
ES51,Heating Tertiary,2010,3221,0.00022774300772048848,2010/05/15 04:00:00
ES51,Heating Tertiary,2010,3222,0.00023088800782710398,2010/05/15 05:00:00
ES51,Heating Tertiary,2010,3223,0.00022760700771587807,2010/05/15 06:00:00
ES51,Heating Tertiary,2010,3224,0.00021528400729812832,2010/05/15 07:00:00
ES51,Heating Tertiary,2010,3225,0.00019536700662294194,2010/05/15 08:00:00
ES51,Heating Tertiary,2010,3226,0.00017191400582788522,2010/05/15 09:00:00
ES51,Heating Tertiary,2010,3227,0.0001493840050641181,2010/05/15 10:00:00
ES51,Heating Tertiary,2010,3228,0.00013134400445256205,2010/05/15 11:00:00
ES51,Heating Tertiary,2010,3229,0.0001184450040152859,2010/05/15 12:00:00
ES51,Heating Tertiary,2010,3230,0.00010897700369432067,2010/05/15 13:00:00
ES51,Heating Tertiary,2010,3231,0.00010230800346824156,2010/05/15 14:00:00
ES51,Heating Tertiary,2010,3232,9.937360336876538e-05,2010/05/15 15:00:00
ES51,Heating Tertiary,2010,3233,9.975290338162365e-05,2010/05/15 16:00:00
ES51,Heating Tertiary,2010,3234,0.00010108900342691745,2010/05/15 17:00:00
ES51,Heating Tertiary,2010,3235,0.00010151100344122324,2010/05/15 18:00:00
ES51,Heating Tertiary,2010,3236,0.00010142200343820615,2010/05/15 19:00:00
ES51,Heating Tertiary,2010,3237,0.00010270800348180155,2010/05/15 20:00:00
ES51,Heating Tertiary,2010,3238,0.00010874700368652367,2010/05/15 21:00:00
ES51,Heating Tertiary,2010,3239,0.00012277700416214073,2010/05/15 22:00:00
ES51,Heating Tertiary,2010,3240,0.00014460400490207606,2010/05/15 23:00:00
ES51,Heating Tertiary,2010,3241,0.00014619800495611264,2010/05/16 00:00:00
ES51,Heating Tertiary,2010,3242,0.0001684180057093708,2010/05/16 01:00:00
ES51,Heating Tertiary,2010,3243,0.00018635800631753685,2010/05/16 02:00:00
ES51,Heating Tertiary,2010,3244,0.00019740700669209797,2010/05/16 03:00:00
ES51,Heating Tertiary,2010,3245,0.00020243200686244548,2010/05/16 04:00:00
ES51,Heating Tertiary,2010,3246,0.0002041560069208891,2010/05/16 05:00:00
ES51,Heating Tertiary,2010,3247,0.00020048400679640828,2010/05/16 06:00:00
ES51,Heating Tertiary,2010,3248,0.00018969800643076285,2010/05/16 07:00:00
ES51,Heating Tertiary,2010,3249,0.00017259600585100497,2010/05/16 08:00:00
ES51,Heating Tertiary,2010,3250,0.0001524160051669029,2010/05/16 09:00:00
ES51,Heating Tertiary,2010,3251,0.00013348800452524364,2010/05/16 10:00:00
ES51,Heating Tertiary,2010,3252,0.0001189010040307443,2010/05/16 11:00:00
ES51,Heating Tertiary,2010,3253,0.00010883200368940516,2010/05/16 12:00:00
ES51,Heating Tertiary,2010,3254,0.00010107000342627334,2010/05/16 13:00:00
ES51,Heating Tertiary,2010,3255,9.509260322363947e-05,2010/05/16 14:00:00
ES51,Heating Tertiary,2010,3256,9.179160311173555e-05,2010/05/16 15:00:00
ES51,Heating Tertiary,2010,3257,9.032170306190594e-05,2010/05/16 16:00:00
ES51,Heating Tertiary,2010,3258,8.961420303792168e-05,2010/05/16 17:00:00
ES51,Heating Tertiary,2010,3259,8.848080299949942e-05,2010/05/16 18:00:00
ES51,Heating Tertiary,2010,3260,8.809030298626147e-05,2010/05/16 19:00:00
ES51,Heating Tertiary,2010,3261,8.96699030398099e-05,2010/05/16 20:00:00
ES51,Heating Tertiary,2010,3262,9.535690323259923e-05,2010/05/16 21:00:00
ES51,Heating Tertiary,2010,3263,0.00010704600362885978,2010/05/16 22:00:00
ES51,Heating Tertiary,2010,3264,0.00012448800422014362,2010/05/16 23:00:00
ES51,Heating Tertiary,2010,3265,0.0001195560040529488,2010/05/17 00:00:00
ES51,Heating Tertiary,2010,3266,0.00013542600459094187,2010/05/17 01:00:00
ES51,Heating Tertiary,2010,3267,0.00014756800500255566,2010/05/17 02:00:00
ES51,Heating Tertiary,2010,3268,0.00015487000525009353,2010/05/17 03:00:00
ES51,Heating Tertiary,2010,3269,0.00015865600537843895,2010/05/17 04:00:00
ES51,Heating Tertiary,2010,3270,0.00016006200542610234,2010/05/17 05:00:00
ES51,Heating Tertiary,2010,3271,0.00015710200532575834,2010/05/17 06:00:00
ES51,Heating Tertiary,2010,3272,0.0001477840050098781,2010/05/17 07:00:00
ES51,Heating Tertiary,2010,3273,0.00013318600451500586,2010/05/17 08:00:00
ES51,Heating Tertiary,2010,3274,0.0001165090039496555,2010/05/17 09:00:00
ES51,Heating Tertiary,2010,3275,0.00010154400344234194,2010/05/17 10:00:00
ES51,Heating Tertiary,2010,3276,8.998650305054266e-05,2010/05/17 11:00:00
ES51,Heating Tertiary,2010,3277,8.19598027784375e-05,2010/05/17 12:00:00
ES51,Heating Tertiary,2010,3278,7.59575025749595e-05,2010/05/17 13:00:00
ES51,Heating Tertiary,2010,3279,7.193020243843403e-05,2010/05/17 14:00:00
ES51,Heating Tertiary,2010,3280,7.014460237790218e-05,2010/05/17 15:00:00
ES51,Heating Tertiary,2010,3281,7.024170238119386e-05,2010/05/17 16:00:00
ES51,Heating Tertiary,2010,3282,7.095780240546967e-05,2010/05/17 17:00:00
ES51,Heating Tertiary,2010,3283,7.119820241361922e-05,2010/05/17 18:00:00
ES51,Heating Tertiary,2010,3284,7.159090242693176e-05,2010/05/17 19:00:00
ES51,Heating Tertiary,2010,3285,7.334500248639574e-05,2010/05/17 20:00:00
ES51,Heating Tertiary,2010,3286,7.842810265871286e-05,2010/05/17 21:00:00
ES51,Heating Tertiary,2010,3287,8.827810299262788e-05,2010/05/17 22:00:00
ES51,Heating Tertiary,2010,3288,0.00010270600348173376,2010/05/17 23:00:00
ES51,Heating Tertiary,2010,3289,9.760660330886408e-05,2010/05/18 00:00:00
ES51,Heating Tertiary,2010,3290,0.00011056200374805218,2010/05/18 01:00:00
ES51,Heating Tertiary,2010,3291,0.00012047600408413681,2010/05/18 02:00:00
ES51,Heating Tertiary,2010,3292,0.00012643800428624864,2010/05/18 03:00:00
ES51,Heating Tertiary,2010,3293,0.00012952800439099962,2010/05/18 04:00:00
ES51,Heating Tertiary,2010,3294,0.00013067600442991686,2010/05/18 05:00:00
ES51,Heating Tertiary,2010,3295,0.00012825900434798053,2010/05/18 06:00:00
ES51,Heating Tertiary,2010,3296,0.00012065200409010321,2010/05/18 07:00:00
ES51,Heating Tertiary,2010,3297,0.00010873400368608297,2010/05/18 08:00:00
ES51,Heating Tertiary,2010,3298,9.511810322450392e-05,2010/05/18 09:00:00
ES51,Heating Tertiary,2010,3299,8.290130281035436e-05,2010/05/18 10:00:00
ES51,Heating Tertiary,2010,3300,7.34655024904807e-05,2010/05/18 11:00:00
ES51,Heating Tertiary,2010,3301,6.691260226833736e-05,2010/05/18 12:00:00
ES51,Heating Tertiary,2010,3302,6.201220210221379e-05,2010/05/18 13:00:00
ES51,Heating Tertiary,2010,3303,5.8724201990750585e-05,2010/05/18 14:00:00
ES51,Heating Tertiary,2010,3304,5.7266401941331154e-05,2010/05/18 15:00:00
ES51,Heating Tertiary,2010,3305,5.734590194402621e-05,2010/05/18 16:00:00
ES51,Heating Tertiary,2010,3306,5.7930401963840755e-05,2010/05/18 17:00:00
ES51,Heating Tertiary,2010,3307,5.812660197049194e-05,2010/05/18 18:00:00
ES51,Heating Tertiary,2010,3308,5.8447301981363667e-05,2010/05/18 19:00:00
ES51,Heating Tertiary,2010,3309,5.987940202991186e-05,2010/05/18 20:00:00
ES51,Heating Tertiary,2010,3310,6.402910217058671e-05,2010/05/18 21:00:00
ES51,Heating Tertiary,2010,3311,7.207070244319697e-05,2010/05/18 22:00:00
ES51,Heating Tertiary,2010,3312,8.385020284252207e-05,2010/05/18 23:00:00
ES51,Heating Tertiary,2010,3313,4.856980164651639e-05,2010/05/19 00:00:00
ES51,Heating Tertiary,2010,3314,5.501640186505614e-05,2010/05/19 01:00:00
ES51,Heating Tertiary,2010,3315,5.994950203228826e-05,2010/05/19 02:00:00
ES51,Heating Tertiary,2010,3316,6.291620213285939e-05,2010/05/19 03:00:00
ES51,Heating Tertiary,2010,3317,6.44542021849976e-05,2010/05/19 04:00:00
ES51,Heating Tertiary,2010,3318,6.502510220435111e-05,2010/05/19 05:00:00
ES51,Heating Tertiary,2010,3319,6.382250216358296e-05,2010/05/19 06:00:00
ES51,Heating Tertiary,2010,3320,6.0037202035261284e-05,2010/05/19 07:00:00
ES51,Heating Tertiary,2010,3321,5.410660183421392e-05,2010/05/19 08:00:00
ES51,Heating Tertiary,2010,3322,4.733150160453801e-05,2010/05/19 09:00:00
ES51,Heating Tertiary,2010,3323,4.125230139845311e-05,2010/05/19 10:00:00
ES51,Heating Tertiary,2010,3324,3.655700123928243e-05,2010/05/19 11:00:00
ES51,Heating Tertiary,2010,3325,3.3296201128741294e-05,2010/05/19 12:00:00
ES51,Heating Tertiary,2010,3326,3.0857801046079525e-05,2010/05/19 13:00:00
ES51,Heating Tertiary,2010,3327,2.9221600990612338e-05,2010/05/19 14:00:00
ES51,Heating Tertiary,2010,3328,2.849620096602128e-05,2010/05/19 15:00:00
ES51,Heating Tertiary,2010,3329,2.8535700967360325e-05,2010/05/19 16:00:00
ES51,Heating Tertiary,2010,3330,2.8826600977221836e-05,2010/05/19 17:00:00
ES51,Heating Tertiary,2010,3331,2.8924200980530476e-05,2010/05/19 18:00:00
ES51,Heating Tertiary,2010,3332,2.908380098594092e-05,2010/05/19 19:00:00
ES51,Heating Tertiary,2010,3333,2.979640101009806e-05,2010/05/19 20:00:00
ES51,Heating Tertiary,2010,3334,3.186140108010157e-05,2010/05/19 21:00:00
ES51,Heating Tertiary,2010,3335,3.586290121575243e-05,2010/05/19 22:00:00
ES51,Heating Tertiary,2010,3336,4.172450141446069e-05,2010/05/19 23:00:00
ES51,Heating Tertiary,2010,3337,2.2416800759929593e-05,2010/05/20 00:00:00
ES51,Heating Tertiary,2010,3338,2.5392200860795665e-05,2010/05/20 01:00:00
ES51,Heating Tertiary,2010,3339,2.7669000937979196e-05,2010/05/20 02:00:00
ES51,Heating Tertiary,2010,3340,2.903820098439508e-05,2010/05/20 03:00:00
ES51,Heating Tertiary,2010,3341,2.9748101008460694e-05,2010/05/20 04:00:00
ES51,Heating Tertiary,2010,3342,3.0011601017393342e-05,2010/05/20 05:00:00
ES51,Heating Tertiary,2010,3343,2.9456600998578843e-05,2010/05/20 06:00:00
ES51,Heating Tertiary,2010,3344,2.7709500939352142e-05,2010/05/20 07:00:00
ES51,Heating Tertiary,2010,3345,2.4972300846561056e-05,2010/05/20 08:00:00
ES51,Heating Tertiary,2010,3346,2.1845300740555745e-05,2010/05/20 09:00:00
ES51,Heating Tertiary,2010,3347,1.9039500645439116e-05,2010/05/20 10:00:00
ES51,Heating Tertiary,2010,3348,1.6872500571977807e-05,2010/05/20 11:00:00
ES51,Heating Tertiary,2010,3349,1.5367500520958302e-05,2010/05/20 12:00:00
ES51,Heating Tertiary,2010,3350,1.4242100482807239e-05,2010/05/20 13:00:00
ES51,Heating Tertiary,2010,3351,1.3487000457209345e-05,2010/05/20 14:00:00
ES51,Heating Tertiary,2010,3352,1.3152100445856235e-05,2010/05/20 15:00:00
ES51,Heating Tertiary,2010,3353,1.3170300446473214e-05,2010/05/20 16:00:00
ES51,Heating Tertiary,2010,3354,1.3304600451025986e-05,2010/05/20 17:00:00
ES51,Heating Tertiary,2010,3355,1.3349600452551486e-05,2010/05/20 18:00:00
ES51,Heating Tertiary,2010,3356,1.3423300455049915e-05,2010/05/20 19:00:00
ES51,Heating Tertiary,2010,3357,1.3752200466199626e-05,2010/05/20 20:00:00
ES51,Heating Tertiary,2010,3358,1.470530049850972e-05,2010/05/20 21:00:00
ES51,Heating Tertiary,2010,3359,1.6552100561116244e-05,2010/05/20 22:00:00
ES51,Heating Tertiary,2010,3360,1.9257400652825927e-05,2010/05/20 23:00:00
ES51,Heating Tertiary,2010,3361,2.2416800759929593e-05,2010/05/21 00:00:00
ES51,Heating Tertiary,2010,3362,2.5392200860795665e-05,2010/05/21 01:00:00
ES51,Heating Tertiary,2010,3363,2.7669000937979196e-05,2010/05/21 02:00:00
ES51,Heating Tertiary,2010,3364,2.903820098439508e-05,2010/05/21 03:00:00
ES51,Heating Tertiary,2010,3365,2.9748101008460694e-05,2010/05/21 04:00:00
ES51,Heating Tertiary,2010,3366,3.0011601017393342e-05,2010/05/21 05:00:00
ES51,Heating Tertiary,2010,3367,2.9456600998578843e-05,2010/05/21 06:00:00
ES51,Heating Tertiary,2010,3368,2.7709500939352142e-05,2010/05/21 07:00:00
ES51,Heating Tertiary,2010,3369,2.4972300846561056e-05,2010/05/21 08:00:00
ES51,Heating Tertiary,2010,3370,2.1845300740555745e-05,2010/05/21 09:00:00
ES51,Heating Tertiary,2010,3371,1.9039500645439116e-05,2010/05/21 10:00:00
ES51,Heating Tertiary,2010,3372,1.6872500571977807e-05,2010/05/21 11:00:00
ES51,Heating Tertiary,2010,3373,1.5367500520958302e-05,2010/05/21 12:00:00
ES51,Heating Tertiary,2010,3374,1.4242100482807239e-05,2010/05/21 13:00:00
ES51,Heating Tertiary,2010,3375,1.3487000457209345e-05,2010/05/21 14:00:00
ES51,Heating Tertiary,2010,3376,1.3152100445856235e-05,2010/05/21 15:00:00
ES51,Heating Tertiary,2010,3377,1.3170300446473214e-05,2010/05/21 16:00:00
ES51,Heating Tertiary,2010,3378,1.3304600451025986e-05,2010/05/21 17:00:00
ES51,Heating Tertiary,2010,3379,1.3349600452551486e-05,2010/05/21 18:00:00
ES51,Heating Tertiary,2010,3380,1.3423300455049915e-05,2010/05/21 19:00:00
ES51,Heating Tertiary,2010,3381,1.3752200466199626e-05,2010/05/21 20:00:00
ES51,Heating Tertiary,2010,3382,1.470530049850972e-05,2010/05/21 21:00:00
ES51,Heating Tertiary,2010,3383,1.6552100561116244e-05,2010/05/21 22:00:00
ES51,Heating Tertiary,2010,3384,1.9257400652825927e-05,2010/05/21 23:00:00
ES51,Heating Tertiary,2010,3385,2.349440079646024e-05,2010/05/22 00:00:00
ES51,Heating Tertiary,2010,3386,2.675220090689967e-05,2010/05/22 01:00:00
ES51,Heating Tertiary,2010,3387,2.9133300987618967e-05,2010/05/22 02:00:00
ES51,Heating Tertiary,2010,3388,3.0497701033872133e-05,2010/05/22 03:00:00
ES51,Heating Tertiary,2010,3389,3.1322901061846416e-05,2010/05/22 04:00:00
ES51,Heating Tertiary,2010,3390,3.1755301076504775e-05,2010/05/22 05:00:00
ES51,Heating Tertiary,2010,3391,3.1304101061209095e-05,2010/05/22 06:00:00
ES51,Heating Tertiary,2010,3392,2.960920100375198e-05,2010/05/22 07:00:00
ES51,Heating Tertiary,2010,3393,2.6869900910889702e-05,2010/05/22 08:00:00
ES51,Heating Tertiary,2010,3394,2.364430080154185e-05,2010/05/22 09:00:00
ES51,Heating Tertiary,2010,3395,2.05457006964993e-05,2010/05/22 10:00:00
ES51,Heating Tertiary,2010,3396,1.806450061238661e-05,2010/05/22 11:00:00
ES51,Heating Tertiary,2010,3397,1.6290400552244617e-05,2010/05/22 12:00:00
ES51,Heating Tertiary,2010,3398,1.4988300508103422e-05,2010/05/22 13:00:00
ES51,Heating Tertiary,2010,3399,1.4071100477010338e-05,2010/05/22 14:00:00
ES51,Heating Tertiary,2010,3400,1.3667400463324907e-05,2010/05/22 15:00:00
ES51,Heating Tertiary,2010,3401,1.3719600465094487e-05,2010/05/22 16:00:00
ES51,Heating Tertiary,2010,3402,1.3903400471325307e-05,2010/05/22 17:00:00
ES51,Heating Tertiary,2010,3403,1.3961400473291507e-05,2010/05/22 18:00:00
ES51,Heating Tertiary,2010,3404,1.3949200472877927e-05,2010/05/22 19:00:00
ES51,Heating Tertiary,2010,3405,1.4126000478871447e-05,2010/05/22 20:00:00
ES51,Heating Tertiary,2010,3406,1.4956600507028791e-05,2010/05/22 21:00:00
ES51,Heating Tertiary,2010,3407,1.6886200572442238e-05,2010/05/22 22:00:00
ES51,Heating Tertiary,2010,3408,1.9888200674210047e-05,2010/05/22 23:00:00
ES51,Heating Tertiary,2010,3409,2.3236800787727598e-05,2010/05/23 00:00:00
ES51,Heating Tertiary,2010,3410,2.6768400907448852e-05,2010/05/23 01:00:00
ES51,Heating Tertiary,2010,3411,2.9619901004114713e-05,2010/05/23 02:00:00
ES51,Heating Tertiary,2010,3412,3.1376001063646505e-05,2010/05/23 03:00:00
ES51,Heating Tertiary,2010,3413,3.2174801090725826e-05,2010/05/23 04:00:00
ES51,Heating Tertiary,2010,3414,3.244870110001104e-05,2010/05/23 05:00:00
ES51,Heating Tertiary,2010,3415,3.1865001080223605e-05,2010/05/23 06:00:00
ES51,Heating Tertiary,2010,3416,3.0150701022108832e-05,2010/05/23 07:00:00
ES51,Heating Tertiary,2010,3417,2.7432500929961846e-05,2010/05/23 08:00:00
ES51,Heating Tertiary,2010,3418,2.4225200821234363e-05,2010/05/23 09:00:00
ES51,Heating Tertiary,2010,3419,2.1216700719246202e-05,2010/05/23 10:00:00
ES51,Heating Tertiary,2010,3420,1.8898300640652433e-05,2010/05/23 11:00:00
ES51,Heating Tertiary,2010,3421,1.7297800586395477e-05,2010/05/23 12:00:00
ES51,Heating Tertiary,2010,3422,1.6064200544576433e-05,2010/05/23 13:00:00
ES51,Heating Tertiary,2010,3423,1.5114100512368043e-05,2010/05/23 14:00:00
ES51,Heating Tertiary,2010,3424,1.458940049458071e-05,2010/05/23 15:00:00
ES51,Heating Tertiary,2010,3425,1.435580048666167e-05,2010/05/23 16:00:00
ES51,Heating Tertiary,2010,3426,1.4243300482847918e-05,2010/05/23 17:00:00
ES51,Heating Tertiary,2010,3427,1.4063200476742528e-05,2010/05/23 18:00:00
ES51,Heating Tertiary,2010,3428,1.4001100474637337e-05,2010/05/23 19:00:00
ES51,Heating Tertiary,2010,3429,1.4252200483149628e-05,2010/05/23 20:00:00
ES51,Heating Tertiary,2010,3430,1.5156000513788453e-05,2010/05/23 21:00:00
ES51,Heating Tertiary,2010,3431,1.7014000576774658e-05,2010/05/23 22:00:00
ES51,Heating Tertiary,2010,3432,1.9786100670748857e-05,2010/05/23 23:00:00
ES51,Heating Tertiary,2010,3433,2.2416800759929593e-05,2010/05/24 00:00:00
ES51,Heating Tertiary,2010,3434,2.5392200860795665e-05,2010/05/24 01:00:00
ES51,Heating Tertiary,2010,3435,2.7669000937979196e-05,2010/05/24 02:00:00
ES51,Heating Tertiary,2010,3436,2.903820098439508e-05,2010/05/24 03:00:00
ES51,Heating Tertiary,2010,3437,2.9748101008460694e-05,2010/05/24 04:00:00
ES51,Heating Tertiary,2010,3438,3.0011601017393342e-05,2010/05/24 05:00:00
ES51,Heating Tertiary,2010,3439,2.9456600998578843e-05,2010/05/24 06:00:00
ES51,Heating Tertiary,2010,3440,2.7709500939352142e-05,2010/05/24 07:00:00
ES51,Heating Tertiary,2010,3441,2.4972300846561056e-05,2010/05/24 08:00:00
ES51,Heating Tertiary,2010,3442,2.1845300740555745e-05,2010/05/24 09:00:00
ES51,Heating Tertiary,2010,3443,1.9039500645439116e-05,2010/05/24 10:00:00
ES51,Heating Tertiary,2010,3444,1.6872500571977807e-05,2010/05/24 11:00:00
ES51,Heating Tertiary,2010,3445,1.5367500520958302e-05,2010/05/24 12:00:00
ES51,Heating Tertiary,2010,3446,1.4242100482807239e-05,2010/05/24 13:00:00
ES51,Heating Tertiary,2010,3447,1.3487000457209345e-05,2010/05/24 14:00:00
ES51,Heating Tertiary,2010,3448,1.3152100445856235e-05,2010/05/24 15:00:00
ES51,Heating Tertiary,2010,3449,1.3170300446473214e-05,2010/05/24 16:00:00
ES51,Heating Tertiary,2010,3450,1.3304600451025986e-05,2010/05/24 17:00:00
ES51,Heating Tertiary,2010,3451,1.3349600452551486e-05,2010/05/24 18:00:00
ES51,Heating Tertiary,2010,3452,1.3423300455049915e-05,2010/05/24 19:00:00
ES51,Heating Tertiary,2010,3453,1.3752200466199626e-05,2010/05/24 20:00:00
ES51,Heating Tertiary,2010,3454,1.470530049850972e-05,2010/05/24 21:00:00
ES51,Heating Tertiary,2010,3455,1.6552100561116244e-05,2010/05/24 22:00:00
ES51,Heating Tertiary,2010,3456,1.9257400652825927e-05,2010/05/24 23:00:00
ES51,Heating Tertiary,2010,3457,2.2416800759929593e-05,2010/05/25 00:00:00
ES51,Heating Tertiary,2010,3458,2.5392200860795665e-05,2010/05/25 01:00:00
ES51,Heating Tertiary,2010,3459,2.7669000937979196e-05,2010/05/25 02:00:00
ES51,Heating Tertiary,2010,3460,2.903820098439508e-05,2010/05/25 03:00:00
ES51,Heating Tertiary,2010,3461,2.9748101008460694e-05,2010/05/25 04:00:00
ES51,Heating Tertiary,2010,3462,3.0011601017393342e-05,2010/05/25 05:00:00
ES51,Heating Tertiary,2010,3463,2.9456600998578843e-05,2010/05/25 06:00:00
ES51,Heating Tertiary,2010,3464,2.7709500939352142e-05,2010/05/25 07:00:00
ES51,Heating Tertiary,2010,3465,2.4972300846561056e-05,2010/05/25 08:00:00
ES51,Heating Tertiary,2010,3466,2.1845300740555745e-05,2010/05/25 09:00:00
ES51,Heating Tertiary,2010,3467,1.9039500645439116e-05,2010/05/25 10:00:00
ES51,Heating Tertiary,2010,3468,1.6872500571977807e-05,2010/05/25 11:00:00
ES51,Heating Tertiary,2010,3469,1.5367500520958302e-05,2010/05/25 12:00:00
ES51,Heating Tertiary,2010,3470,1.4242100482807239e-05,2010/05/25 13:00:00
ES51,Heating Tertiary,2010,3471,1.3487000457209345e-05,2010/05/25 14:00:00
ES51,Heating Tertiary,2010,3472,1.3152100445856235e-05,2010/05/25 15:00:00
ES51,Heating Tertiary,2010,3473,1.3170300446473214e-05,2010/05/25 16:00:00
ES51,Heating Tertiary,2010,3474,1.3304600451025986e-05,2010/05/25 17:00:00
ES51,Heating Tertiary,2010,3475,1.3349600452551486e-05,2010/05/25 18:00:00
ES51,Heating Tertiary,2010,3476,1.3423300455049915e-05,2010/05/25 19:00:00
ES51,Heating Tertiary,2010,3477,1.3752200466199626e-05,2010/05/25 20:00:00
ES51,Heating Tertiary,2010,3478,1.470530049850972e-05,2010/05/25 21:00:00
ES51,Heating Tertiary,2010,3479,1.6552100561116244e-05,2010/05/25 22:00:00
ES51,Heating Tertiary,2010,3480,1.9257400652825927e-05,2010/05/25 23:00:00
ES51,Heating Tertiary,2010,3481,2.2416800759929593e-05,2010/05/26 00:00:00
ES51,Heating Tertiary,2010,3482,2.5392200860795665e-05,2010/05/26 01:00:00
ES51,Heating Tertiary,2010,3483,2.7669000937979196e-05,2010/05/26 02:00:00
ES51,Heating Tertiary,2010,3484,2.903820098439508e-05,2010/05/26 03:00:00
ES51,Heating Tertiary,2010,3485,2.9748101008460694e-05,2010/05/26 04:00:00
ES51,Heating Tertiary,2010,3486,3.0011601017393342e-05,2010/05/26 05:00:00
ES51,Heating Tertiary,2010,3487,2.9456600998578843e-05,2010/05/26 06:00:00
ES51,Heating Tertiary,2010,3488,2.7709500939352142e-05,2010/05/26 07:00:00
ES51,Heating Tertiary,2010,3489,2.4972300846561056e-05,2010/05/26 08:00:00
ES51,Heating Tertiary,2010,3490,2.1845300740555745e-05,2010/05/26 09:00:00
ES51,Heating Tertiary,2010,3491,1.9039500645439116e-05,2010/05/26 10:00:00
ES51,Heating Tertiary,2010,3492,1.6872500571977807e-05,2010/05/26 11:00:00
ES51,Heating Tertiary,2010,3493,1.5367500520958302e-05,2010/05/26 12:00:00
ES51,Heating Tertiary,2010,3494,1.4242100482807239e-05,2010/05/26 13:00:00
ES51,Heating Tertiary,2010,3495,1.3487000457209345e-05,2010/05/26 14:00:00
ES51,Heating Tertiary,2010,3496,1.3152100445856235e-05,2010/05/26 15:00:00
ES51,Heating Tertiary,2010,3497,1.3170300446473214e-05,2010/05/26 16:00:00
ES51,Heating Tertiary,2010,3498,1.3304600451025986e-05,2010/05/26 17:00:00
ES51,Heating Tertiary,2010,3499,1.3349600452551486e-05,2010/05/26 18:00:00
ES51,Heating Tertiary,2010,3500,1.3423300455049915e-05,2010/05/26 19:00:00
ES51,Heating Tertiary,2010,3501,1.3752200466199626e-05,2010/05/26 20:00:00
ES51,Heating Tertiary,2010,3502,1.470530049850972e-05,2010/05/26 21:00:00
ES51,Heating Tertiary,2010,3503,1.6552100561116244e-05,2010/05/26 22:00:00
ES51,Heating Tertiary,2010,3504,1.9257400652825927e-05,2010/05/26 23:00:00
ES51,Heating Tertiary,2010,3505,2.2416800759929593e-05,2010/05/27 00:00:00
ES51,Heating Tertiary,2010,3506,2.5392200860795665e-05,2010/05/27 01:00:00
ES51,Heating Tertiary,2010,3507,2.7669000937979196e-05,2010/05/27 02:00:00
ES51,Heating Tertiary,2010,3508,2.903820098439508e-05,2010/05/27 03:00:00
ES51,Heating Tertiary,2010,3509,2.9748101008460694e-05,2010/05/27 04:00:00
ES51,Heating Tertiary,2010,3510,3.0011601017393342e-05,2010/05/27 05:00:00
ES51,Heating Tertiary,2010,3511,2.9456600998578843e-05,2010/05/27 06:00:00
ES51,Heating Tertiary,2010,3512,2.7709500939352142e-05,2010/05/27 07:00:00
ES51,Heating Tertiary,2010,3513,2.4972300846561056e-05,2010/05/27 08:00:00
ES51,Heating Tertiary,2010,3514,2.1845300740555745e-05,2010/05/27 09:00:00
ES51,Heating Tertiary,2010,3515,1.9039500645439116e-05,2010/05/27 10:00:00
ES51,Heating Tertiary,2010,3516,1.6872500571977807e-05,2010/05/27 11:00:00
ES51,Heating Tertiary,2010,3517,1.5367500520958302e-05,2010/05/27 12:00:00
ES51,Heating Tertiary,2010,3518,1.4242100482807239e-05,2010/05/27 13:00:00
ES51,Heating Tertiary,2010,3519,1.3487000457209345e-05,2010/05/27 14:00:00
ES51,Heating Tertiary,2010,3520,1.3152100445856235e-05,2010/05/27 15:00:00
ES51,Heating Tertiary,2010,3521,1.3170300446473214e-05,2010/05/27 16:00:00
ES51,Heating Tertiary,2010,3522,1.3304600451025986e-05,2010/05/27 17:00:00
ES51,Heating Tertiary,2010,3523,1.3349600452551486e-05,2010/05/27 18:00:00
ES51,Heating Tertiary,2010,3524,1.3423300455049915e-05,2010/05/27 19:00:00
ES51,Heating Tertiary,2010,3525,1.3752200466199626e-05,2010/05/27 20:00:00
ES51,Heating Tertiary,2010,3526,1.470530049850972e-05,2010/05/27 21:00:00
ES51,Heating Tertiary,2010,3527,1.6552100561116244e-05,2010/05/27 22:00:00
ES51,Heating Tertiary,2010,3528,1.9257400652825927e-05,2010/05/27 23:00:00
ES51,Heating Tertiary,2010,3529,2.2416800759929593e-05,2010/05/28 00:00:00
ES51,Heating Tertiary,2010,3530,2.5392200860795665e-05,2010/05/28 01:00:00
ES51,Heating Tertiary,2010,3531,2.7669000937979196e-05,2010/05/28 02:00:00
ES51,Heating Tertiary,2010,3532,2.903820098439508e-05,2010/05/28 03:00:00
ES51,Heating Tertiary,2010,3533,2.9748101008460694e-05,2010/05/28 04:00:00
ES51,Heating Tertiary,2010,3534,3.0011601017393342e-05,2010/05/28 05:00:00
ES51,Heating Tertiary,2010,3535,2.9456600998578843e-05,2010/05/28 06:00:00
ES51,Heating Tertiary,2010,3536,2.7709500939352142e-05,2010/05/28 07:00:00
ES51,Heating Tertiary,2010,3537,2.4972300846561056e-05,2010/05/28 08:00:00
ES51,Heating Tertiary,2010,3538,2.1845300740555745e-05,2010/05/28 09:00:00
ES51,Heating Tertiary,2010,3539,1.9039500645439116e-05,2010/05/28 10:00:00
ES51,Heating Tertiary,2010,3540,1.6872500571977807e-05,2010/05/28 11:00:00
ES51,Heating Tertiary,2010,3541,1.5367500520958302e-05,2010/05/28 12:00:00
ES51,Heating Tertiary,2010,3542,1.4242100482807239e-05,2010/05/28 13:00:00
ES51,Heating Tertiary,2010,3543,1.3487000457209345e-05,2010/05/28 14:00:00
ES51,Heating Tertiary,2010,3544,1.3152100445856235e-05,2010/05/28 15:00:00
ES51,Heating Tertiary,2010,3545,1.3170300446473214e-05,2010/05/28 16:00:00
ES51,Heating Tertiary,2010,3546,1.3304600451025986e-05,2010/05/28 17:00:00
ES51,Heating Tertiary,2010,3547,1.3349600452551486e-05,2010/05/28 18:00:00
ES51,Heating Tertiary,2010,3548,1.3423300455049915e-05,2010/05/28 19:00:00
ES51,Heating Tertiary,2010,3549,1.3752200466199626e-05,2010/05/28 20:00:00
ES51,Heating Tertiary,2010,3550,1.470530049850972e-05,2010/05/28 21:00:00
ES51,Heating Tertiary,2010,3551,1.6552100561116244e-05,2010/05/28 22:00:00
ES51,Heating Tertiary,2010,3552,1.9257400652825927e-05,2010/05/28 23:00:00
ES51,Heating Tertiary,2010,3553,2.349440079646024e-05,2010/05/29 00:00:00
ES51,Heating Tertiary,2010,3554,2.675220090689967e-05,2010/05/29 01:00:00
ES51,Heating Tertiary,2010,3555,2.9133300987618967e-05,2010/05/29 02:00:00
ES51,Heating Tertiary,2010,3556,3.0497701033872133e-05,2010/05/29 03:00:00
ES51,Heating Tertiary,2010,3557,3.1322901061846416e-05,2010/05/29 04:00:00
ES51,Heating Tertiary,2010,3558,3.1755301076504775e-05,2010/05/29 05:00:00
ES51,Heating Tertiary,2010,3559,3.1304101061209095e-05,2010/05/29 06:00:00
ES51,Heating Tertiary,2010,3560,2.960920100375198e-05,2010/05/29 07:00:00
ES51,Heating Tertiary,2010,3561,2.6869900910889702e-05,2010/05/29 08:00:00
ES51,Heating Tertiary,2010,3562,2.364430080154185e-05,2010/05/29 09:00:00
ES51,Heating Tertiary,2010,3563,2.05457006964993e-05,2010/05/29 10:00:00
ES51,Heating Tertiary,2010,3564,1.806450061238661e-05,2010/05/29 11:00:00
ES51,Heating Tertiary,2010,3565,1.6290400552244617e-05,2010/05/29 12:00:00
ES51,Heating Tertiary,2010,3566,1.4988300508103422e-05,2010/05/29 13:00:00
ES51,Heating Tertiary,2010,3567,1.4071100477010338e-05,2010/05/29 14:00:00
ES51,Heating Tertiary,2010,3568,1.3667400463324907e-05,2010/05/29 15:00:00
ES51,Heating Tertiary,2010,3569,1.3719600465094487e-05,2010/05/29 16:00:00
ES51,Heating Tertiary,2010,3570,1.3903400471325307e-05,2010/05/29 17:00:00
ES51,Heating Tertiary,2010,3571,1.3961400473291507e-05,2010/05/29 18:00:00
ES51,Heating Tertiary,2010,3572,1.3949200472877927e-05,2010/05/29 19:00:00
ES51,Heating Tertiary,2010,3573,1.4126000478871447e-05,2010/05/29 20:00:00
ES51,Heating Tertiary,2010,3574,1.4956600507028791e-05,2010/05/29 21:00:00
ES51,Heating Tertiary,2010,3575,1.6886200572442238e-05,2010/05/29 22:00:00
ES51,Heating Tertiary,2010,3576,1.9888200674210047e-05,2010/05/29 23:00:00
ES51,Heating Tertiary,2010,3577,2.3236800787727598e-05,2010/05/30 00:00:00
ES51,Heating Tertiary,2010,3578,2.6768400907448852e-05,2010/05/30 01:00:00
ES51,Heating Tertiary,2010,3579,2.9619901004114713e-05,2010/05/30 02:00:00
ES51,Heating Tertiary,2010,3580,3.1376001063646505e-05,2010/05/30 03:00:00
ES51,Heating Tertiary,2010,3581,3.2174801090725826e-05,2010/05/30 04:00:00
ES51,Heating Tertiary,2010,3582,3.244870110001104e-05,2010/05/30 05:00:00
ES51,Heating Tertiary,2010,3583,3.1865001080223605e-05,2010/05/30 06:00:00
ES51,Heating Tertiary,2010,3584,3.0150701022108832e-05,2010/05/30 07:00:00
ES51,Heating Tertiary,2010,3585,2.7432500929961846e-05,2010/05/30 08:00:00
ES51,Heating Tertiary,2010,3586,2.4225200821234363e-05,2010/05/30 09:00:00
ES51,Heating Tertiary,2010,3587,2.1216700719246202e-05,2010/05/30 10:00:00
ES51,Heating Tertiary,2010,3588,1.8898300640652433e-05,2010/05/30 11:00:00
ES51,Heating Tertiary,2010,3589,1.7297800586395477e-05,2010/05/30 12:00:00
ES51,Heating Tertiary,2010,3590,1.6064200544576433e-05,2010/05/30 13:00:00
ES51,Heating Tertiary,2010,3591,1.5114100512368043e-05,2010/05/30 14:00:00
ES51,Heating Tertiary,2010,3592,1.458940049458071e-05,2010/05/30 15:00:00
ES51,Heating Tertiary,2010,3593,1.435580048666167e-05,2010/05/30 16:00:00
ES51,Heating Tertiary,2010,3594,1.4243300482847918e-05,2010/05/30 17:00:00
ES51,Heating Tertiary,2010,3595,1.4063200476742528e-05,2010/05/30 18:00:00
ES51,Heating Tertiary,2010,3596,1.4001100474637337e-05,2010/05/30 19:00:00
ES51,Heating Tertiary,2010,3597,1.4252200483149628e-05,2010/05/30 20:00:00
ES51,Heating Tertiary,2010,3598,1.5156000513788453e-05,2010/05/30 21:00:00
ES51,Heating Tertiary,2010,3599,1.7014000576774658e-05,2010/05/30 22:00:00
ES51,Heating Tertiary,2010,3600,1.9786100670748857e-05,2010/05/30 23:00:00
ES51,Heating Tertiary,2010,3601,2.2416800759929593e-05,2010/05/31 00:00:00
ES51,Heating Tertiary,2010,3602,2.5392200860795665e-05,2010/05/31 01:00:00
ES51,Heating Tertiary,2010,3603,2.7669000937979196e-05,2010/05/31 02:00:00
ES51,Heating Tertiary,2010,3604,2.903820098439508e-05,2010/05/31 03:00:00
ES51,Heating Tertiary,2010,3605,2.9748101008460694e-05,2010/05/31 04:00:00
ES51,Heating Tertiary,2010,3606,3.0011601017393342e-05,2010/05/31 05:00:00
ES51,Heating Tertiary,2010,3607,2.9456600998578843e-05,2010/05/31 06:00:00
ES51,Heating Tertiary,2010,3608,2.7709500939352142e-05,2010/05/31 07:00:00
ES51,Heating Tertiary,2010,3609,2.4972300846561056e-05,2010/05/31 08:00:00
ES51,Heating Tertiary,2010,3610,2.1845300740555745e-05,2010/05/31 09:00:00
ES51,Heating Tertiary,2010,3611,1.9039500645439116e-05,2010/05/31 10:00:00
ES51,Heating Tertiary,2010,3612,1.6872500571977807e-05,2010/05/31 11:00:00
ES51,Heating Tertiary,2010,3613,1.5367500520958302e-05,2010/05/31 12:00:00
ES51,Heating Tertiary,2010,3614,1.4242100482807239e-05,2010/05/31 13:00:00
ES51,Heating Tertiary,2010,3615,1.3487000457209345e-05,2010/05/31 14:00:00
ES51,Heating Tertiary,2010,3616,1.3152100445856235e-05,2010/05/31 15:00:00
ES51,Heating Tertiary,2010,3617,1.3170300446473214e-05,2010/05/31 16:00:00
ES51,Heating Tertiary,2010,3618,1.3304600451025986e-05,2010/05/31 17:00:00
ES51,Heating Tertiary,2010,3619,1.3349600452551486e-05,2010/05/31 18:00:00
ES51,Heating Tertiary,2010,3620,1.3423300455049915e-05,2010/05/31 19:00:00
ES51,Heating Tertiary,2010,3621,1.3752200466199626e-05,2010/05/31 20:00:00
ES51,Heating Tertiary,2010,3622,1.470530049850972e-05,2010/05/31 21:00:00
ES51,Heating Tertiary,2010,3623,1.6552100561116244e-05,2010/05/31 22:00:00
ES51,Heating Tertiary,2010,3624,1.9257400652825927e-05,2010/05/31 23:00:00
ES51,Heating Tertiary,2010,3625,2.2416800759929593e-05,2010/06/01 00:00:00
ES51,Heating Tertiary,2010,3626,2.5392200860795665e-05,2010/06/01 01:00:00
ES51,Heating Tertiary,2010,3627,2.7669000937979196e-05,2010/06/01 02:00:00
ES51,Heating Tertiary,2010,3628,2.903820098439508e-05,2010/06/01 03:00:00
ES51,Heating Tertiary,2010,3629,2.9748101008460694e-05,2010/06/01 04:00:00
ES51,Heating Tertiary,2010,3630,3.0011601017393342e-05,2010/06/01 05:00:00
ES51,Heating Tertiary,2010,3631,2.9456600998578843e-05,2010/06/01 06:00:00
ES51,Heating Tertiary,2010,3632,2.7709500939352142e-05,2010/06/01 07:00:00
ES51,Heating Tertiary,2010,3633,2.4972300846561056e-05,2010/06/01 08:00:00
ES51,Heating Tertiary,2010,3634,2.1845300740555745e-05,2010/06/01 09:00:00
ES51,Heating Tertiary,2010,3635,1.9039500645439116e-05,2010/06/01 10:00:00
ES51,Heating Tertiary,2010,3636,1.6872500571977807e-05,2010/06/01 11:00:00
ES51,Heating Tertiary,2010,3637,1.5367500520958302e-05,2010/06/01 12:00:00
ES51,Heating Tertiary,2010,3638,1.4242100482807239e-05,2010/06/01 13:00:00
ES51,Heating Tertiary,2010,3639,1.3487000457209345e-05,2010/06/01 14:00:00
ES51,Heating Tertiary,2010,3640,1.3152100445856235e-05,2010/06/01 15:00:00
ES51,Heating Tertiary,2010,3641,1.3170300446473214e-05,2010/06/01 16:00:00
ES51,Heating Tertiary,2010,3642,1.3304600451025986e-05,2010/06/01 17:00:00
ES51,Heating Tertiary,2010,3643,1.3349600452551486e-05,2010/06/01 18:00:00
ES51,Heating Tertiary,2010,3644,1.3423300455049915e-05,2010/06/01 19:00:00
ES51,Heating Tertiary,2010,3645,1.3752200466199626e-05,2010/06/01 20:00:00
ES51,Heating Tertiary,2010,3646,1.470530049850972e-05,2010/06/01 21:00:00
ES51,Heating Tertiary,2010,3647,1.6552100561116244e-05,2010/06/01 22:00:00
ES51,Heating Tertiary,2010,3648,1.9257400652825927e-05,2010/06/01 23:00:00
ES51,Heating Tertiary,2010,3649,2.2416800759929593e-05,2010/06/02 00:00:00
ES51,Heating Tertiary,2010,3650,2.5392200860795665e-05,2010/06/02 01:00:00
ES51,Heating Tertiary,2010,3651,2.7669000937979196e-05,2010/06/02 02:00:00
ES51,Heating Tertiary,2010,3652,2.903820098439508e-05,2010/06/02 03:00:00
ES51,Heating Tertiary,2010,3653,2.9748101008460694e-05,2010/06/02 04:00:00
ES51,Heating Tertiary,2010,3654,3.0011601017393342e-05,2010/06/02 05:00:00
ES51,Heating Tertiary,2010,3655,2.9456600998578843e-05,2010/06/02 06:00:00
ES51,Heating Tertiary,2010,3656,2.7709500939352142e-05,2010/06/02 07:00:00
ES51,Heating Tertiary,2010,3657,2.4972300846561056e-05,2010/06/02 08:00:00
ES51,Heating Tertiary,2010,3658,2.1845300740555745e-05,2010/06/02 09:00:00
ES51,Heating Tertiary,2010,3659,1.9039500645439116e-05,2010/06/02 10:00:00
ES51,Heating Tertiary,2010,3660,1.6872500571977807e-05,2010/06/02 11:00:00
ES51,Heating Tertiary,2010,3661,1.5367500520958302e-05,2010/06/02 12:00:00
ES51,Heating Tertiary,2010,3662,1.4242100482807239e-05,2010/06/02 13:00:00
ES51,Heating Tertiary,2010,3663,1.3487000457209345e-05,2010/06/02 14:00:00
ES51,Heating Tertiary,2010,3664,1.3152100445856235e-05,2010/06/02 15:00:00
ES51,Heating Tertiary,2010,3665,1.3170300446473214e-05,2010/06/02 16:00:00
ES51,Heating Tertiary,2010,3666,1.3304600451025986e-05,2010/06/02 17:00:00
ES51,Heating Tertiary,2010,3667,1.3349600452551486e-05,2010/06/02 18:00:00
ES51,Heating Tertiary,2010,3668,1.3423300455049915e-05,2010/06/02 19:00:00
ES51,Heating Tertiary,2010,3669,1.3752200466199626e-05,2010/06/02 20:00:00
ES51,Heating Tertiary,2010,3670,1.470530049850972e-05,2010/06/02 21:00:00
ES51,Heating Tertiary,2010,3671,1.6552100561116244e-05,2010/06/02 22:00:00
ES51,Heating Tertiary,2010,3672,1.9257400652825927e-05,2010/06/02 23:00:00
ES51,Heating Tertiary,2010,3673,2.2416800759929593e-05,2010/06/03 00:00:00
ES51,Heating Tertiary,2010,3674,2.5392200860795665e-05,2010/06/03 01:00:00
ES51,Heating Tertiary,2010,3675,2.7669000937979196e-05,2010/06/03 02:00:00
ES51,Heating Tertiary,2010,3676,2.903820098439508e-05,2010/06/03 03:00:00
ES51,Heating Tertiary,2010,3677,2.9748101008460694e-05,2010/06/03 04:00:00
ES51,Heating Tertiary,2010,3678,3.0011601017393342e-05,2010/06/03 05:00:00
ES51,Heating Tertiary,2010,3679,2.9456600998578843e-05,2010/06/03 06:00:00
ES51,Heating Tertiary,2010,3680,2.7709500939352142e-05,2010/06/03 07:00:00
ES51,Heating Tertiary,2010,3681,2.4972300846561056e-05,2010/06/03 08:00:00
ES51,Heating Tertiary,2010,3682,2.1845300740555745e-05,2010/06/03 09:00:00
ES51,Heating Tertiary,2010,3683,1.9039500645439116e-05,2010/06/03 10:00:00
ES51,Heating Tertiary,2010,3684,1.6872500571977807e-05,2010/06/03 11:00:00
ES51,Heating Tertiary,2010,3685,1.5367500520958302e-05,2010/06/03 12:00:00
ES51,Heating Tertiary,2010,3686,1.4242100482807239e-05,2010/06/03 13:00:00
ES51,Heating Tertiary,2010,3687,1.3487000457209345e-05,2010/06/03 14:00:00
ES51,Heating Tertiary,2010,3688,1.3152100445856235e-05,2010/06/03 15:00:00
ES51,Heating Tertiary,2010,3689,1.3170300446473214e-05,2010/06/03 16:00:00
ES51,Heating Tertiary,2010,3690,1.3304600451025986e-05,2010/06/03 17:00:00
ES51,Heating Tertiary,2010,3691,1.3349600452551486e-05,2010/06/03 18:00:00
ES51,Heating Tertiary,2010,3692,1.3423300455049915e-05,2010/06/03 19:00:00
ES51,Heating Tertiary,2010,3693,1.3752200466199626e-05,2010/06/03 20:00:00
ES51,Heating Tertiary,2010,3694,1.470530049850972e-05,2010/06/03 21:00:00
ES51,Heating Tertiary,2010,3695,1.6552100561116244e-05,2010/06/03 22:00:00
ES51,Heating Tertiary,2010,3696,1.9257400652825927e-05,2010/06/03 23:00:00
ES51,Heating Tertiary,2010,3697,2.2416800759929593e-05,2010/06/04 00:00:00
ES51,Heating Tertiary,2010,3698,2.5392200860795665e-05,2010/06/04 01:00:00
ES51,Heating Tertiary,2010,3699,2.7669000937979196e-05,2010/06/04 02:00:00
ES51,Heating Tertiary,2010,3700,2.903820098439508e-05,2010/06/04 03:00:00
ES51,Heating Tertiary,2010,3701,2.9748101008460694e-05,2010/06/04 04:00:00
ES51,Heating Tertiary,2010,3702,3.0011601017393342e-05,2010/06/04 05:00:00
ES51,Heating Tertiary,2010,3703,2.9456600998578843e-05,2010/06/04 06:00:00
ES51,Heating Tertiary,2010,3704,2.7709500939352142e-05,2010/06/04 07:00:00
ES51,Heating Tertiary,2010,3705,2.4972300846561056e-05,2010/06/04 08:00:00
ES51,Heating Tertiary,2010,3706,2.1845300740555745e-05,2010/06/04 09:00:00
ES51,Heating Tertiary,2010,3707,1.9039500645439116e-05,2010/06/04 10:00:00
ES51,Heating Tertiary,2010,3708,1.6872500571977807e-05,2010/06/04 11:00:00
ES51,Heating Tertiary,2010,3709,1.5367500520958302e-05,2010/06/04 12:00:00
ES51,Heating Tertiary,2010,3710,1.4242100482807239e-05,2010/06/04 13:00:00
ES51,Heating Tertiary,2010,3711,1.3487000457209345e-05,2010/06/04 14:00:00
ES51,Heating Tertiary,2010,3712,1.3152100445856235e-05,2010/06/04 15:00:00
ES51,Heating Tertiary,2010,3713,1.3170300446473214e-05,2010/06/04 16:00:00
ES51,Heating Tertiary,2010,3714,1.3304600451025986e-05,2010/06/04 17:00:00
ES51,Heating Tertiary,2010,3715,1.3349600452551486e-05,2010/06/04 18:00:00
ES51,Heating Tertiary,2010,3716,1.3423300455049915e-05,2010/06/04 19:00:00
ES51,Heating Tertiary,2010,3717,1.3752200466199626e-05,2010/06/04 20:00:00
ES51,Heating Tertiary,2010,3718,1.470530049850972e-05,2010/06/04 21:00:00
ES51,Heating Tertiary,2010,3719,1.6552100561116244e-05,2010/06/04 22:00:00
ES51,Heating Tertiary,2010,3720,1.9257400652825927e-05,2010/06/04 23:00:00
ES51,Heating Tertiary,2010,3721,2.349440079646024e-05,2010/06/05 00:00:00
ES51,Heating Tertiary,2010,3722,2.675220090689967e-05,2010/06/05 01:00:00
ES51,Heating Tertiary,2010,3723,2.9133300987618967e-05,2010/06/05 02:00:00
ES51,Heating Tertiary,2010,3724,3.0497701033872133e-05,2010/06/05 03:00:00
ES51,Heating Tertiary,2010,3725,3.1322901061846416e-05,2010/06/05 04:00:00
ES51,Heating Tertiary,2010,3726,3.1755301076504775e-05,2010/06/05 05:00:00
ES51,Heating Tertiary,2010,3727,3.1304101061209095e-05,2010/06/05 06:00:00
ES51,Heating Tertiary,2010,3728,2.960920100375198e-05,2010/06/05 07:00:00
ES51,Heating Tertiary,2010,3729,2.6869900910889702e-05,2010/06/05 08:00:00
ES51,Heating Tertiary,2010,3730,2.364430080154185e-05,2010/06/05 09:00:00
ES51,Heating Tertiary,2010,3731,2.05457006964993e-05,2010/06/05 10:00:00
ES51,Heating Tertiary,2010,3732,1.806450061238661e-05,2010/06/05 11:00:00
ES51,Heating Tertiary,2010,3733,1.6290400552244617e-05,2010/06/05 12:00:00
ES51,Heating Tertiary,2010,3734,1.4988300508103422e-05,2010/06/05 13:00:00
ES51,Heating Tertiary,2010,3735,1.4071100477010338e-05,2010/06/05 14:00:00
ES51,Heating Tertiary,2010,3736,1.3667400463324907e-05,2010/06/05 15:00:00
ES51,Heating Tertiary,2010,3737,1.3719600465094487e-05,2010/06/05 16:00:00
ES51,Heating Tertiary,2010,3738,1.3903400471325307e-05,2010/06/05 17:00:00
ES51,Heating Tertiary,2010,3739,1.3961400473291507e-05,2010/06/05 18:00:00
ES51,Heating Tertiary,2010,3740,1.3949200472877927e-05,2010/06/05 19:00:00
ES51,Heating Tertiary,2010,3741,1.4126000478871447e-05,2010/06/05 20:00:00
ES51,Heating Tertiary,2010,3742,1.4956600507028791e-05,2010/06/05 21:00:00
ES51,Heating Tertiary,2010,3743,1.6886200572442238e-05,2010/06/05 22:00:00
ES51,Heating Tertiary,2010,3744,1.9888200674210047e-05,2010/06/05 23:00:00
ES51,Heating Tertiary,2010,3745,2.3236800787727598e-05,2010/06/06 00:00:00
ES51,Heating Tertiary,2010,3746,2.6768400907448852e-05,2010/06/06 01:00:00
ES51,Heating Tertiary,2010,3747,2.9619901004114713e-05,2010/06/06 02:00:00
ES51,Heating Tertiary,2010,3748,3.1376001063646505e-05,2010/06/06 03:00:00
ES51,Heating Tertiary,2010,3749,3.2174801090725826e-05,2010/06/06 04:00:00
ES51,Heating Tertiary,2010,3750,3.244870110001104e-05,2010/06/06 05:00:00
ES51,Heating Tertiary,2010,3751,3.1865001080223605e-05,2010/06/06 06:00:00
ES51,Heating Tertiary,2010,3752,3.0150701022108832e-05,2010/06/06 07:00:00
ES51,Heating Tertiary,2010,3753,2.7432500929961846e-05,2010/06/06 08:00:00
ES51,Heating Tertiary,2010,3754,2.4225200821234363e-05,2010/06/06 09:00:00
ES51,Heating Tertiary,2010,3755,2.1216700719246202e-05,2010/06/06 10:00:00
ES51,Heating Tertiary,2010,3756,1.8898300640652433e-05,2010/06/06 11:00:00
ES51,Heating Tertiary,2010,3757,1.7297800586395477e-05,2010/06/06 12:00:00
ES51,Heating Tertiary,2010,3758,1.6064200544576433e-05,2010/06/06 13:00:00
ES51,Heating Tertiary,2010,3759,1.5114100512368043e-05,2010/06/06 14:00:00
ES51,Heating Tertiary,2010,3760,1.458940049458071e-05,2010/06/06 15:00:00
ES51,Heating Tertiary,2010,3761,1.435580048666167e-05,2010/06/06 16:00:00
ES51,Heating Tertiary,2010,3762,1.4243300482847918e-05,2010/06/06 17:00:00
ES51,Heating Tertiary,2010,3763,1.4063200476742528e-05,2010/06/06 18:00:00
ES51,Heating Tertiary,2010,3764,1.4001100474637337e-05,2010/06/06 19:00:00
ES51,Heating Tertiary,2010,3765,1.4252200483149628e-05,2010/06/06 20:00:00
ES51,Heating Tertiary,2010,3766,1.5156000513788453e-05,2010/06/06 21:00:00
ES51,Heating Tertiary,2010,3767,1.7014000576774658e-05,2010/06/06 22:00:00
ES51,Heating Tertiary,2010,3768,1.9786100670748857e-05,2010/06/06 23:00:00
ES51,Heating Tertiary,2010,3769,2.2416800759929593e-05,2010/06/07 00:00:00
ES51,Heating Tertiary,2010,3770,2.5392200860795665e-05,2010/06/07 01:00:00
ES51,Heating Tertiary,2010,3771,2.7669000937979196e-05,2010/06/07 02:00:00
ES51,Heating Tertiary,2010,3772,2.903820098439508e-05,2010/06/07 03:00:00
ES51,Heating Tertiary,2010,3773,2.9748101008460694e-05,2010/06/07 04:00:00
ES51,Heating Tertiary,2010,3774,3.0011601017393342e-05,2010/06/07 05:00:00
ES51,Heating Tertiary,2010,3775,2.9456600998578843e-05,2010/06/07 06:00:00
ES51,Heating Tertiary,2010,3776,2.7709500939352142e-05,2010/06/07 07:00:00
ES51,Heating Tertiary,2010,3777,2.4972300846561056e-05,2010/06/07 08:00:00
ES51,Heating Tertiary,2010,3778,2.1845300740555745e-05,2010/06/07 09:00:00
ES51,Heating Tertiary,2010,3779,1.9039500645439116e-05,2010/06/07 10:00:00
ES51,Heating Tertiary,2010,3780,1.6872500571977807e-05,2010/06/07 11:00:00
ES51,Heating Tertiary,2010,3781,1.5367500520958302e-05,2010/06/07 12:00:00
ES51,Heating Tertiary,2010,3782,1.4242100482807239e-05,2010/06/07 13:00:00
ES51,Heating Tertiary,2010,3783,1.3487000457209345e-05,2010/06/07 14:00:00
ES51,Heating Tertiary,2010,3784,1.3152100445856235e-05,2010/06/07 15:00:00
ES51,Heating Tertiary,2010,3785,1.3170300446473214e-05,2010/06/07 16:00:00
ES51,Heating Tertiary,2010,3786,1.3304600451025986e-05,2010/06/07 17:00:00
ES51,Heating Tertiary,2010,3787,1.3349600452551486e-05,2010/06/07 18:00:00
ES51,Heating Tertiary,2010,3788,1.3423300455049915e-05,2010/06/07 19:00:00
ES51,Heating Tertiary,2010,3789,1.3752200466199626e-05,2010/06/07 20:00:00
ES51,Heating Tertiary,2010,3790,1.470530049850972e-05,2010/06/07 21:00:00
ES51,Heating Tertiary,2010,3791,1.6552100561116244e-05,2010/06/07 22:00:00
ES51,Heating Tertiary,2010,3792,1.9257400652825927e-05,2010/06/07 23:00:00
ES51,Heating Tertiary,2010,3793,2.2416800759929593e-05,2010/06/08 00:00:00
ES51,Heating Tertiary,2010,3794,2.5392200860795665e-05,2010/06/08 01:00:00
ES51,Heating Tertiary,2010,3795,2.7669000937979196e-05,2010/06/08 02:00:00
ES51,Heating Tertiary,2010,3796,2.903820098439508e-05,2010/06/08 03:00:00
ES51,Heating Tertiary,2010,3797,2.9748101008460694e-05,2010/06/08 04:00:00
ES51,Heating Tertiary,2010,3798,3.0011601017393342e-05,2010/06/08 05:00:00
ES51,Heating Tertiary,2010,3799,2.9456600998578843e-05,2010/06/08 06:00:00
ES51,Heating Tertiary,2010,3800,2.7709500939352142e-05,2010/06/08 07:00:00
ES51,Heating Tertiary,2010,3801,2.4972300846561056e-05,2010/06/08 08:00:00
ES51,Heating Tertiary,2010,3802,2.1845300740555745e-05,2010/06/08 09:00:00
ES51,Heating Tertiary,2010,3803,1.9039500645439116e-05,2010/06/08 10:00:00
ES51,Heating Tertiary,2010,3804,1.6872500571977807e-05,2010/06/08 11:00:00
ES51,Heating Tertiary,2010,3805,1.5367500520958302e-05,2010/06/08 12:00:00
ES51,Heating Tertiary,2010,3806,1.4242100482807239e-05,2010/06/08 13:00:00
ES51,Heating Tertiary,2010,3807,1.3487000457209345e-05,2010/06/08 14:00:00
ES51,Heating Tertiary,2010,3808,1.3152100445856235e-05,2010/06/08 15:00:00
ES51,Heating Tertiary,2010,3809,1.3170300446473214e-05,2010/06/08 16:00:00
ES51,Heating Tertiary,2010,3810,1.3304600451025986e-05,2010/06/08 17:00:00
ES51,Heating Tertiary,2010,3811,1.3349600452551486e-05,2010/06/08 18:00:00
ES51,Heating Tertiary,2010,3812,1.3423300455049915e-05,2010/06/08 19:00:00
ES51,Heating Tertiary,2010,3813,1.3752200466199626e-05,2010/06/08 20:00:00
ES51,Heating Tertiary,2010,3814,1.470530049850972e-05,2010/06/08 21:00:00
ES51,Heating Tertiary,2010,3815,1.6552100561116244e-05,2010/06/08 22:00:00
ES51,Heating Tertiary,2010,3816,1.9257400652825927e-05,2010/06/08 23:00:00
ES51,Heating Tertiary,2010,3817,2.2416800759929593e-05,2010/06/09 00:00:00
ES51,Heating Tertiary,2010,3818,2.5392200860795665e-05,2010/06/09 01:00:00
ES51,Heating Tertiary,2010,3819,2.7669000937979196e-05,2010/06/09 02:00:00
ES51,Heating Tertiary,2010,3820,2.903820098439508e-05,2010/06/09 03:00:00
ES51,Heating Tertiary,2010,3821,2.9748101008460694e-05,2010/06/09 04:00:00
ES51,Heating Tertiary,2010,3822,3.0011601017393342e-05,2010/06/09 05:00:00
ES51,Heating Tertiary,2010,3823,2.9456600998578843e-05,2010/06/09 06:00:00
ES51,Heating Tertiary,2010,3824,2.7709500939352142e-05,2010/06/09 07:00:00
ES51,Heating Tertiary,2010,3825,2.4972300846561056e-05,2010/06/09 08:00:00
ES51,Heating Tertiary,2010,3826,2.1845300740555745e-05,2010/06/09 09:00:00
ES51,Heating Tertiary,2010,3827,1.9039500645439116e-05,2010/06/09 10:00:00
ES51,Heating Tertiary,2010,3828,1.6872500571977807e-05,2010/06/09 11:00:00
ES51,Heating Tertiary,2010,3829,1.5367500520958302e-05,2010/06/09 12:00:00
ES51,Heating Tertiary,2010,3830,1.4242100482807239e-05,2010/06/09 13:00:00
ES51,Heating Tertiary,2010,3831,1.3487000457209345e-05,2010/06/09 14:00:00
ES51,Heating Tertiary,2010,3832,1.3152100445856235e-05,2010/06/09 15:00:00
ES51,Heating Tertiary,2010,3833,1.3170300446473214e-05,2010/06/09 16:00:00
ES51,Heating Tertiary,2010,3834,1.3304600451025986e-05,2010/06/09 17:00:00
ES51,Heating Tertiary,2010,3835,1.3349600452551486e-05,2010/06/09 18:00:00
ES51,Heating Tertiary,2010,3836,1.3423300455049915e-05,2010/06/09 19:00:00
ES51,Heating Tertiary,2010,3837,1.3752200466199626e-05,2010/06/09 20:00:00
ES51,Heating Tertiary,2010,3838,1.470530049850972e-05,2010/06/09 21:00:00
ES51,Heating Tertiary,2010,3839,1.6552100561116244e-05,2010/06/09 22:00:00
ES51,Heating Tertiary,2010,3840,1.9257400652825927e-05,2010/06/09 23:00:00
ES51,Heating Tertiary,2010,3841,2.2416800759929593e-05,2010/06/10 00:00:00
ES51,Heating Tertiary,2010,3842,2.5392200860795665e-05,2010/06/10 01:00:00
ES51,Heating Tertiary,2010,3843,2.7669000937979196e-05,2010/06/10 02:00:00
ES51,Heating Tertiary,2010,3844,2.903820098439508e-05,2010/06/10 03:00:00
ES51,Heating Tertiary,2010,3845,2.9748101008460694e-05,2010/06/10 04:00:00
ES51,Heating Tertiary,2010,3846,3.0011601017393342e-05,2010/06/10 05:00:00
ES51,Heating Tertiary,2010,3847,2.9456600998578843e-05,2010/06/10 06:00:00
ES51,Heating Tertiary,2010,3848,2.7709500939352142e-05,2010/06/10 07:00:00
ES51,Heating Tertiary,2010,3849,2.4972300846561056e-05,2010/06/10 08:00:00
ES51,Heating Tertiary,2010,3850,2.1845300740555745e-05,2010/06/10 09:00:00
ES51,Heating Tertiary,2010,3851,1.9039500645439116e-05,2010/06/10 10:00:00
ES51,Heating Tertiary,2010,3852,1.6872500571977807e-05,2010/06/10 11:00:00
ES51,Heating Tertiary,2010,3853,1.5367500520958302e-05,2010/06/10 12:00:00
ES51,Heating Tertiary,2010,3854,1.4242100482807239e-05,2010/06/10 13:00:00
ES51,Heating Tertiary,2010,3855,1.3487000457209345e-05,2010/06/10 14:00:00
ES51,Heating Tertiary,2010,3856,1.3152100445856235e-05,2010/06/10 15:00:00
ES51,Heating Tertiary,2010,3857,1.3170300446473214e-05,2010/06/10 16:00:00
ES51,Heating Tertiary,2010,3858,1.3304600451025986e-05,2010/06/10 17:00:00
ES51,Heating Tertiary,2010,3859,1.3349600452551486e-05,2010/06/10 18:00:00
ES51,Heating Tertiary,2010,3860,1.3423300455049915e-05,2010/06/10 19:00:00
ES51,Heating Tertiary,2010,3861,1.3752200466199626e-05,2010/06/10 20:00:00
ES51,Heating Tertiary,2010,3862,1.470530049850972e-05,2010/06/10 21:00:00
ES51,Heating Tertiary,2010,3863,1.6552100561116244e-05,2010/06/10 22:00:00
ES51,Heating Tertiary,2010,3864,1.9257400652825927e-05,2010/06/10 23:00:00
ES51,Heating Tertiary,2010,3865,2.2416800759929593e-05,2010/06/11 00:00:00
ES51,Heating Tertiary,2010,3866,2.5392200860795665e-05,2010/06/11 01:00:00
ES51,Heating Tertiary,2010,3867,2.7669000937979196e-05,2010/06/11 02:00:00
ES51,Heating Tertiary,2010,3868,2.903820098439508e-05,2010/06/11 03:00:00
ES51,Heating Tertiary,2010,3869,2.9748101008460694e-05,2010/06/11 04:00:00
ES51,Heating Tertiary,2010,3870,3.0011601017393342e-05,2010/06/11 05:00:00
ES51,Heating Tertiary,2010,3871,2.9456600998578843e-05,2010/06/11 06:00:00
ES51,Heating Tertiary,2010,3872,2.7709500939352142e-05,2010/06/11 07:00:00
ES51,Heating Tertiary,2010,3873,2.4972300846561056e-05,2010/06/11 08:00:00
ES51,Heating Tertiary,2010,3874,2.1845300740555745e-05,2010/06/11 09:00:00
ES51,Heating Tertiary,2010,3875,1.9039500645439116e-05,2010/06/11 10:00:00
ES51,Heating Tertiary,2010,3876,1.6872500571977807e-05,2010/06/11 11:00:00
ES51,Heating Tertiary,2010,3877,1.5367500520958302e-05,2010/06/11 12:00:00
ES51,Heating Tertiary,2010,3878,1.4242100482807239e-05,2010/06/11 13:00:00
ES51,Heating Tertiary,2010,3879,1.3487000457209345e-05,2010/06/11 14:00:00
ES51,Heating Tertiary,2010,3880,1.3152100445856235e-05,2010/06/11 15:00:00
ES51,Heating Tertiary,2010,3881,1.3170300446473214e-05,2010/06/11 16:00:00
ES51,Heating Tertiary,2010,3882,1.3304600451025986e-05,2010/06/11 17:00:00
ES51,Heating Tertiary,2010,3883,1.3349600452551486e-05,2010/06/11 18:00:00
ES51,Heating Tertiary,2010,3884,1.3423300455049915e-05,2010/06/11 19:00:00
ES51,Heating Tertiary,2010,3885,1.3752200466199626e-05,2010/06/11 20:00:00
ES51,Heating Tertiary,2010,3886,1.470530049850972e-05,2010/06/11 21:00:00
ES51,Heating Tertiary,2010,3887,1.6552100561116244e-05,2010/06/11 22:00:00
ES51,Heating Tertiary,2010,3888,1.9257400652825927e-05,2010/06/11 23:00:00
ES51,Heating Tertiary,2010,3889,2.349440079646024e-05,2010/06/12 00:00:00
ES51,Heating Tertiary,2010,3890,2.675220090689967e-05,2010/06/12 01:00:00
ES51,Heating Tertiary,2010,3891,2.9133300987618967e-05,2010/06/12 02:00:00
ES51,Heating Tertiary,2010,3892,3.0497701033872133e-05,2010/06/12 03:00:00
ES51,Heating Tertiary,2010,3893,3.1322901061846416e-05,2010/06/12 04:00:00
ES51,Heating Tertiary,2010,3894,3.1755301076504775e-05,2010/06/12 05:00:00
ES51,Heating Tertiary,2010,3895,3.1304101061209095e-05,2010/06/12 06:00:00
ES51,Heating Tertiary,2010,3896,2.960920100375198e-05,2010/06/12 07:00:00
ES51,Heating Tertiary,2010,3897,2.6869900910889702e-05,2010/06/12 08:00:00
ES51,Heating Tertiary,2010,3898,2.364430080154185e-05,2010/06/12 09:00:00
ES51,Heating Tertiary,2010,3899,2.05457006964993e-05,2010/06/12 10:00:00
ES51,Heating Tertiary,2010,3900,1.806450061238661e-05,2010/06/12 11:00:00
ES51,Heating Tertiary,2010,3901,1.6290400552244617e-05,2010/06/12 12:00:00
ES51,Heating Tertiary,2010,3902,1.4988300508103422e-05,2010/06/12 13:00:00
ES51,Heating Tertiary,2010,3903,1.4071100477010338e-05,2010/06/12 14:00:00
ES51,Heating Tertiary,2010,3904,1.3667400463324907e-05,2010/06/12 15:00:00
ES51,Heating Tertiary,2010,3905,1.3719600465094487e-05,2010/06/12 16:00:00
ES51,Heating Tertiary,2010,3906,1.3903400471325307e-05,2010/06/12 17:00:00
ES51,Heating Tertiary,2010,3907,1.3961400473291507e-05,2010/06/12 18:00:00
ES51,Heating Tertiary,2010,3908,1.3949200472877927e-05,2010/06/12 19:00:00
ES51,Heating Tertiary,2010,3909,1.4126000478871447e-05,2010/06/12 20:00:00
ES51,Heating Tertiary,2010,3910,1.4956600507028791e-05,2010/06/12 21:00:00
ES51,Heating Tertiary,2010,3911,1.6886200572442238e-05,2010/06/12 22:00:00
ES51,Heating Tertiary,2010,3912,1.9888200674210047e-05,2010/06/12 23:00:00
ES51,Heating Tertiary,2010,3913,2.3236800787727598e-05,2010/06/13 00:00:00
ES51,Heating Tertiary,2010,3914,2.6768400907448852e-05,2010/06/13 01:00:00
ES51,Heating Tertiary,2010,3915,2.9619901004114713e-05,2010/06/13 02:00:00
ES51,Heating Tertiary,2010,3916,3.1376001063646505e-05,2010/06/13 03:00:00
ES51,Heating Tertiary,2010,3917,3.2174801090725826e-05,2010/06/13 04:00:00
ES51,Heating Tertiary,2010,3918,3.244870110001104e-05,2010/06/13 05:00:00
ES51,Heating Tertiary,2010,3919,3.1865001080223605e-05,2010/06/13 06:00:00
ES51,Heating Tertiary,2010,3920,3.0150701022108832e-05,2010/06/13 07:00:00
ES51,Heating Tertiary,2010,3921,2.7432500929961846e-05,2010/06/13 08:00:00
ES51,Heating Tertiary,2010,3922,2.4225200821234363e-05,2010/06/13 09:00:00
ES51,Heating Tertiary,2010,3923,2.1216700719246202e-05,2010/06/13 10:00:00
ES51,Heating Tertiary,2010,3924,1.8898300640652433e-05,2010/06/13 11:00:00
ES51,Heating Tertiary,2010,3925,1.7297800586395477e-05,2010/06/13 12:00:00
ES51,Heating Tertiary,2010,3926,1.6064200544576433e-05,2010/06/13 13:00:00
ES51,Heating Tertiary,2010,3927,1.5114100512368043e-05,2010/06/13 14:00:00
ES51,Heating Tertiary,2010,3928,1.458940049458071e-05,2010/06/13 15:00:00
ES51,Heating Tertiary,2010,3929,1.435580048666167e-05,2010/06/13 16:00:00
ES51,Heating Tertiary,2010,3930,1.4243300482847918e-05,2010/06/13 17:00:00
ES51,Heating Tertiary,2010,3931,1.4063200476742528e-05,2010/06/13 18:00:00
ES51,Heating Tertiary,2010,3932,1.4001100474637337e-05,2010/06/13 19:00:00
ES51,Heating Tertiary,2010,3933,1.4252200483149628e-05,2010/06/13 20:00:00
ES51,Heating Tertiary,2010,3934,1.5156000513788453e-05,2010/06/13 21:00:00
ES51,Heating Tertiary,2010,3935,1.7014000576774658e-05,2010/06/13 22:00:00
ES51,Heating Tertiary,2010,3936,1.9786100670748857e-05,2010/06/13 23:00:00
ES51,Heating Tertiary,2010,3937,2.2416800759929593e-05,2010/06/14 00:00:00
ES51,Heating Tertiary,2010,3938,2.5392200860795665e-05,2010/06/14 01:00:00
ES51,Heating Tertiary,2010,3939,2.7669000937979196e-05,2010/06/14 02:00:00
ES51,Heating Tertiary,2010,3940,2.903820098439508e-05,2010/06/14 03:00:00
ES51,Heating Tertiary,2010,3941,2.9748101008460694e-05,2010/06/14 04:00:00
ES51,Heating Tertiary,2010,3942,3.0011601017393342e-05,2010/06/14 05:00:00
ES51,Heating Tertiary,2010,3943,2.9456600998578843e-05,2010/06/14 06:00:00
ES51,Heating Tertiary,2010,3944,2.7709500939352142e-05,2010/06/14 07:00:00
ES51,Heating Tertiary,2010,3945,2.4972300846561056e-05,2010/06/14 08:00:00
ES51,Heating Tertiary,2010,3946,2.1845300740555745e-05,2010/06/14 09:00:00
ES51,Heating Tertiary,2010,3947,1.9039500645439116e-05,2010/06/14 10:00:00
ES51,Heating Tertiary,2010,3948,1.6872500571977807e-05,2010/06/14 11:00:00
ES51,Heating Tertiary,2010,3949,1.5367500520958302e-05,2010/06/14 12:00:00
ES51,Heating Tertiary,2010,3950,1.4242100482807239e-05,2010/06/14 13:00:00
ES51,Heating Tertiary,2010,3951,1.3487000457209345e-05,2010/06/14 14:00:00
ES51,Heating Tertiary,2010,3952,1.3152100445856235e-05,2010/06/14 15:00:00
ES51,Heating Tertiary,2010,3953,1.3170300446473214e-05,2010/06/14 16:00:00
ES51,Heating Tertiary,2010,3954,1.3304600451025986e-05,2010/06/14 17:00:00
ES51,Heating Tertiary,2010,3955,1.3349600452551486e-05,2010/06/14 18:00:00
ES51,Heating Tertiary,2010,3956,1.3423300455049915e-05,2010/06/14 19:00:00
ES51,Heating Tertiary,2010,3957,1.3752200466199626e-05,2010/06/14 20:00:00
ES51,Heating Tertiary,2010,3958,1.470530049850972e-05,2010/06/14 21:00:00
ES51,Heating Tertiary,2010,3959,1.6552100561116244e-05,2010/06/14 22:00:00
ES51,Heating Tertiary,2010,3960,1.9257400652825927e-05,2010/06/14 23:00:00
ES51,Heating Tertiary,2010,3961,2.2416800759929593e-05,2010/06/15 00:00:00
ES51,Heating Tertiary,2010,3962,2.5392200860795665e-05,2010/06/15 01:00:00
ES51,Heating Tertiary,2010,3963,2.7669000937979196e-05,2010/06/15 02:00:00
ES51,Heating Tertiary,2010,3964,2.903820098439508e-05,2010/06/15 03:00:00
ES51,Heating Tertiary,2010,3965,2.9748101008460694e-05,2010/06/15 04:00:00
ES51,Heating Tertiary,2010,3966,3.0011601017393342e-05,2010/06/15 05:00:00
ES51,Heating Tertiary,2010,3967,2.9456600998578843e-05,2010/06/15 06:00:00
ES51,Heating Tertiary,2010,3968,2.7709500939352142e-05,2010/06/15 07:00:00
ES51,Heating Tertiary,2010,3969,2.4972300846561056e-05,2010/06/15 08:00:00
ES51,Heating Tertiary,2010,3970,2.1845300740555745e-05,2010/06/15 09:00:00
ES51,Heating Tertiary,2010,3971,1.9039500645439116e-05,2010/06/15 10:00:00
ES51,Heating Tertiary,2010,3972,1.6872500571977807e-05,2010/06/15 11:00:00
ES51,Heating Tertiary,2010,3973,1.5367500520958302e-05,2010/06/15 12:00:00
ES51,Heating Tertiary,2010,3974,1.4242100482807239e-05,2010/06/15 13:00:00
ES51,Heating Tertiary,2010,3975,1.3487000457209345e-05,2010/06/15 14:00:00
ES51,Heating Tertiary,2010,3976,1.3152100445856235e-05,2010/06/15 15:00:00
ES51,Heating Tertiary,2010,3977,1.3170300446473214e-05,2010/06/15 16:00:00
ES51,Heating Tertiary,2010,3978,1.3304600451025986e-05,2010/06/15 17:00:00
ES51,Heating Tertiary,2010,3979,1.3349600452551486e-05,2010/06/15 18:00:00
ES51,Heating Tertiary,2010,3980,1.3423300455049915e-05,2010/06/15 19:00:00
ES51,Heating Tertiary,2010,3981,1.3752200466199626e-05,2010/06/15 20:00:00
ES51,Heating Tertiary,2010,3982,1.470530049850972e-05,2010/06/15 21:00:00
ES51,Heating Tertiary,2010,3983,1.6552100561116244e-05,2010/06/15 22:00:00
ES51,Heating Tertiary,2010,3984,1.9257400652825927e-05,2010/06/15 23:00:00
ES51,Heating Tertiary,2010,3985,2.2416800759929593e-05,2010/06/16 00:00:00
ES51,Heating Tertiary,2010,3986,2.5392200860795665e-05,2010/06/16 01:00:00
ES51,Heating Tertiary,2010,3987,2.7669000937979196e-05,2010/06/16 02:00:00
ES51,Heating Tertiary,2010,3988,2.903820098439508e-05,2010/06/16 03:00:00
ES51,Heating Tertiary,2010,3989,2.9748101008460694e-05,2010/06/16 04:00:00
ES51,Heating Tertiary,2010,3990,3.0011601017393342e-05,2010/06/16 05:00:00
ES51,Heating Tertiary,2010,3991,2.9456600998578843e-05,2010/06/16 06:00:00
ES51,Heating Tertiary,2010,3992,2.7709500939352142e-05,2010/06/16 07:00:00
ES51,Heating Tertiary,2010,3993,2.4972300846561056e-05,2010/06/16 08:00:00
ES51,Heating Tertiary,2010,3994,2.1845300740555745e-05,2010/06/16 09:00:00
ES51,Heating Tertiary,2010,3995,1.9039500645439116e-05,2010/06/16 10:00:00
ES51,Heating Tertiary,2010,3996,1.6872500571977807e-05,2010/06/16 11:00:00
ES51,Heating Tertiary,2010,3997,1.5367500520958302e-05,2010/06/16 12:00:00
ES51,Heating Tertiary,2010,3998,1.4242100482807239e-05,2010/06/16 13:00:00
ES51,Heating Tertiary,2010,3999,1.3487000457209345e-05,2010/06/16 14:00:00
ES51,Heating Tertiary,2010,4000,1.3152100445856235e-05,2010/06/16 15:00:00
ES51,Heating Tertiary,2010,4001,1.3170300446473214e-05,2010/06/16 16:00:00
ES51,Heating Tertiary,2010,4002,1.3304600451025986e-05,2010/06/16 17:00:00
ES51,Heating Tertiary,2010,4003,1.3349600452551486e-05,2010/06/16 18:00:00
ES51,Heating Tertiary,2010,4004,1.3423300455049915e-05,2010/06/16 19:00:00
ES51,Heating Tertiary,2010,4005,1.3752200466199626e-05,2010/06/16 20:00:00
ES51,Heating Tertiary,2010,4006,1.470530049850972e-05,2010/06/16 21:00:00
ES51,Heating Tertiary,2010,4007,1.6552100561116244e-05,2010/06/16 22:00:00
ES51,Heating Tertiary,2010,4008,1.9257400652825927e-05,2010/06/16 23:00:00
ES51,Heating Tertiary,2010,4009,2.2416800759929593e-05,2010/06/17 00:00:00
ES51,Heating Tertiary,2010,4010,2.5392200860795665e-05,2010/06/17 01:00:00
ES51,Heating Tertiary,2010,4011,2.7669000937979196e-05,2010/06/17 02:00:00
ES51,Heating Tertiary,2010,4012,2.903820098439508e-05,2010/06/17 03:00:00
ES51,Heating Tertiary,2010,4013,2.9748101008460694e-05,2010/06/17 04:00:00
ES51,Heating Tertiary,2010,4014,3.0011601017393342e-05,2010/06/17 05:00:00
ES51,Heating Tertiary,2010,4015,2.9456600998578843e-05,2010/06/17 06:00:00
ES51,Heating Tertiary,2010,4016,2.7709500939352142e-05,2010/06/17 07:00:00
ES51,Heating Tertiary,2010,4017,2.4972300846561056e-05,2010/06/17 08:00:00
ES51,Heating Tertiary,2010,4018,2.1845300740555745e-05,2010/06/17 09:00:00
ES51,Heating Tertiary,2010,4019,1.9039500645439116e-05,2010/06/17 10:00:00
ES51,Heating Tertiary,2010,4020,1.6872500571977807e-05,2010/06/17 11:00:00
ES51,Heating Tertiary,2010,4021,1.5367500520958302e-05,2010/06/17 12:00:00
ES51,Heating Tertiary,2010,4022,1.4242100482807239e-05,2010/06/17 13:00:00
ES51,Heating Tertiary,2010,4023,1.3487000457209345e-05,2010/06/17 14:00:00
ES51,Heating Tertiary,2010,4024,1.3152100445856235e-05,2010/06/17 15:00:00
ES51,Heating Tertiary,2010,4025,1.3170300446473214e-05,2010/06/17 16:00:00
ES51,Heating Tertiary,2010,4026,1.3304600451025986e-05,2010/06/17 17:00:00
ES51,Heating Tertiary,2010,4027,1.3349600452551486e-05,2010/06/17 18:00:00
ES51,Heating Tertiary,2010,4028,1.3423300455049915e-05,2010/06/17 19:00:00
ES51,Heating Tertiary,2010,4029,1.3752200466199626e-05,2010/06/17 20:00:00
ES51,Heating Tertiary,2010,4030,1.470530049850972e-05,2010/06/17 21:00:00
ES51,Heating Tertiary,2010,4031,1.6552100561116244e-05,2010/06/17 22:00:00
ES51,Heating Tertiary,2010,4032,1.9257400652825927e-05,2010/06/17 23:00:00
ES51,Heating Tertiary,2010,4033,2.2416800759929593e-05,2010/06/18 00:00:00
ES51,Heating Tertiary,2010,4034,2.5392200860795665e-05,2010/06/18 01:00:00
ES51,Heating Tertiary,2010,4035,2.7669000937979196e-05,2010/06/18 02:00:00
ES51,Heating Tertiary,2010,4036,2.903820098439508e-05,2010/06/18 03:00:00
ES51,Heating Tertiary,2010,4037,2.9748101008460694e-05,2010/06/18 04:00:00
ES51,Heating Tertiary,2010,4038,3.0011601017393342e-05,2010/06/18 05:00:00
ES51,Heating Tertiary,2010,4039,2.9456600998578843e-05,2010/06/18 06:00:00
ES51,Heating Tertiary,2010,4040,2.7709500939352142e-05,2010/06/18 07:00:00
ES51,Heating Tertiary,2010,4041,2.4972300846561056e-05,2010/06/18 08:00:00
ES51,Heating Tertiary,2010,4042,2.1845300740555745e-05,2010/06/18 09:00:00
ES51,Heating Tertiary,2010,4043,1.9039500645439116e-05,2010/06/18 10:00:00
ES51,Heating Tertiary,2010,4044,1.6872500571977807e-05,2010/06/18 11:00:00
ES51,Heating Tertiary,2010,4045,1.5367500520958302e-05,2010/06/18 12:00:00
ES51,Heating Tertiary,2010,4046,1.4242100482807239e-05,2010/06/18 13:00:00
ES51,Heating Tertiary,2010,4047,1.3487000457209345e-05,2010/06/18 14:00:00
ES51,Heating Tertiary,2010,4048,1.3152100445856235e-05,2010/06/18 15:00:00
ES51,Heating Tertiary,2010,4049,1.3170300446473214e-05,2010/06/18 16:00:00
ES51,Heating Tertiary,2010,4050,1.3304600451025986e-05,2010/06/18 17:00:00
ES51,Heating Tertiary,2010,4051,1.3349600452551486e-05,2010/06/18 18:00:00
ES51,Heating Tertiary,2010,4052,1.3423300455049915e-05,2010/06/18 19:00:00
ES51,Heating Tertiary,2010,4053,1.3752200466199626e-05,2010/06/18 20:00:00
ES51,Heating Tertiary,2010,4054,1.470530049850972e-05,2010/06/18 21:00:00
ES51,Heating Tertiary,2010,4055,1.6552100561116244e-05,2010/06/18 22:00:00
ES51,Heating Tertiary,2010,4056,1.9257400652825927e-05,2010/06/18 23:00:00
ES51,Heating Tertiary,2010,4057,2.349440079646024e-05,2010/06/19 00:00:00
ES51,Heating Tertiary,2010,4058,2.675220090689967e-05,2010/06/19 01:00:00
ES51,Heating Tertiary,2010,4059,2.9133300987618967e-05,2010/06/19 02:00:00
ES51,Heating Tertiary,2010,4060,3.0497701033872133e-05,2010/06/19 03:00:00
ES51,Heating Tertiary,2010,4061,3.1322901061846416e-05,2010/06/19 04:00:00
ES51,Heating Tertiary,2010,4062,3.1755301076504775e-05,2010/06/19 05:00:00
ES51,Heating Tertiary,2010,4063,3.1304101061209095e-05,2010/06/19 06:00:00
ES51,Heating Tertiary,2010,4064,2.960920100375198e-05,2010/06/19 07:00:00
ES51,Heating Tertiary,2010,4065,2.6869900910889702e-05,2010/06/19 08:00:00
ES51,Heating Tertiary,2010,4066,2.364430080154185e-05,2010/06/19 09:00:00
ES51,Heating Tertiary,2010,4067,2.05457006964993e-05,2010/06/19 10:00:00
ES51,Heating Tertiary,2010,4068,1.806450061238661e-05,2010/06/19 11:00:00
ES51,Heating Tertiary,2010,4069,1.6290400552244617e-05,2010/06/19 12:00:00
ES51,Heating Tertiary,2010,4070,1.4988300508103422e-05,2010/06/19 13:00:00
ES51,Heating Tertiary,2010,4071,1.4071100477010338e-05,2010/06/19 14:00:00
ES51,Heating Tertiary,2010,4072,1.3667400463324907e-05,2010/06/19 15:00:00
ES51,Heating Tertiary,2010,4073,1.3719600465094487e-05,2010/06/19 16:00:00
ES51,Heating Tertiary,2010,4074,1.3903400471325307e-05,2010/06/19 17:00:00
ES51,Heating Tertiary,2010,4075,1.3961400473291507e-05,2010/06/19 18:00:00
ES51,Heating Tertiary,2010,4076,1.3949200472877927e-05,2010/06/19 19:00:00
ES51,Heating Tertiary,2010,4077,1.4126000478871447e-05,2010/06/19 20:00:00
ES51,Heating Tertiary,2010,4078,1.4956600507028791e-05,2010/06/19 21:00:00
ES51,Heating Tertiary,2010,4079,1.6886200572442238e-05,2010/06/19 22:00:00
ES51,Heating Tertiary,2010,4080,1.9888200674210047e-05,2010/06/19 23:00:00
ES51,Heating Tertiary,2010,4081,2.3236800787727598e-05,2010/06/20 00:00:00
ES51,Heating Tertiary,2010,4082,2.6768400907448852e-05,2010/06/20 01:00:00
ES51,Heating Tertiary,2010,4083,2.9619901004114713e-05,2010/06/20 02:00:00
ES51,Heating Tertiary,2010,4084,3.1376001063646505e-05,2010/06/20 03:00:00
ES51,Heating Tertiary,2010,4085,3.2174801090725826e-05,2010/06/20 04:00:00
ES51,Heating Tertiary,2010,4086,3.244870110001104e-05,2010/06/20 05:00:00
ES51,Heating Tertiary,2010,4087,3.1865001080223605e-05,2010/06/20 06:00:00
ES51,Heating Tertiary,2010,4088,3.0150701022108832e-05,2010/06/20 07:00:00
ES51,Heating Tertiary,2010,4089,2.7432500929961846e-05,2010/06/20 08:00:00
ES51,Heating Tertiary,2010,4090,2.4225200821234363e-05,2010/06/20 09:00:00
ES51,Heating Tertiary,2010,4091,2.1216700719246202e-05,2010/06/20 10:00:00
ES51,Heating Tertiary,2010,4092,1.8898300640652433e-05,2010/06/20 11:00:00
ES51,Heating Tertiary,2010,4093,1.7297800586395477e-05,2010/06/20 12:00:00
ES51,Heating Tertiary,2010,4094,1.6064200544576433e-05,2010/06/20 13:00:00
ES51,Heating Tertiary,2010,4095,1.5114100512368043e-05,2010/06/20 14:00:00
ES51,Heating Tertiary,2010,4096,1.458940049458071e-05,2010/06/20 15:00:00
ES51,Heating Tertiary,2010,4097,1.435580048666167e-05,2010/06/20 16:00:00
ES51,Heating Tertiary,2010,4098,1.4243300482847918e-05,2010/06/20 17:00:00
ES51,Heating Tertiary,2010,4099,1.4063200476742528e-05,2010/06/20 18:00:00
ES51,Heating Tertiary,2010,4100,1.4001100474637337e-05,2010/06/20 19:00:00
ES51,Heating Tertiary,2010,4101,1.4252200483149628e-05,2010/06/20 20:00:00
ES51,Heating Tertiary,2010,4102,1.5156000513788453e-05,2010/06/20 21:00:00
ES51,Heating Tertiary,2010,4103,1.7014000576774658e-05,2010/06/20 22:00:00
ES51,Heating Tertiary,2010,4104,1.9786100670748857e-05,2010/06/20 23:00:00
ES51,Heating Tertiary,2010,4105,2.2416800759929593e-05,2010/06/21 00:00:00
ES51,Heating Tertiary,2010,4106,2.5392200860795665e-05,2010/06/21 01:00:00
ES51,Heating Tertiary,2010,4107,2.7669000937979196e-05,2010/06/21 02:00:00
ES51,Heating Tertiary,2010,4108,2.903820098439508e-05,2010/06/21 03:00:00
ES51,Heating Tertiary,2010,4109,2.9748101008460694e-05,2010/06/21 04:00:00
ES51,Heating Tertiary,2010,4110,3.0011601017393342e-05,2010/06/21 05:00:00
ES51,Heating Tertiary,2010,4111,2.9456600998578843e-05,2010/06/21 06:00:00
ES51,Heating Tertiary,2010,4112,2.7709500939352142e-05,2010/06/21 07:00:00
ES51,Heating Tertiary,2010,4113,2.4972300846561056e-05,2010/06/21 08:00:00
ES51,Heating Tertiary,2010,4114,2.1845300740555745e-05,2010/06/21 09:00:00
ES51,Heating Tertiary,2010,4115,1.9039500645439116e-05,2010/06/21 10:00:00
ES51,Heating Tertiary,2010,4116,1.6872500571977807e-05,2010/06/21 11:00:00
ES51,Heating Tertiary,2010,4117,1.5367500520958302e-05,2010/06/21 12:00:00
ES51,Heating Tertiary,2010,4118,1.4242100482807239e-05,2010/06/21 13:00:00
ES51,Heating Tertiary,2010,4119,1.3487000457209345e-05,2010/06/21 14:00:00
ES51,Heating Tertiary,2010,4120,1.3152100445856235e-05,2010/06/21 15:00:00
ES51,Heating Tertiary,2010,4121,1.3170300446473214e-05,2010/06/21 16:00:00
ES51,Heating Tertiary,2010,4122,1.3304600451025986e-05,2010/06/21 17:00:00
ES51,Heating Tertiary,2010,4123,1.3349600452551486e-05,2010/06/21 18:00:00
ES51,Heating Tertiary,2010,4124,1.3423300455049915e-05,2010/06/21 19:00:00
ES51,Heating Tertiary,2010,4125,1.3752200466199626e-05,2010/06/21 20:00:00
ES51,Heating Tertiary,2010,4126,1.470530049850972e-05,2010/06/21 21:00:00
ES51,Heating Tertiary,2010,4127,1.6552100561116244e-05,2010/06/21 22:00:00
ES51,Heating Tertiary,2010,4128,1.9257400652825927e-05,2010/06/21 23:00:00
ES51,Heating Tertiary,2010,4129,2.2416800759929593e-05,2010/06/22 00:00:00
ES51,Heating Tertiary,2010,4130,2.5392200860795665e-05,2010/06/22 01:00:00
ES51,Heating Tertiary,2010,4131,2.7669000937979196e-05,2010/06/22 02:00:00
ES51,Heating Tertiary,2010,4132,2.903820098439508e-05,2010/06/22 03:00:00
ES51,Heating Tertiary,2010,4133,2.9748101008460694e-05,2010/06/22 04:00:00
ES51,Heating Tertiary,2010,4134,3.0011601017393342e-05,2010/06/22 05:00:00
ES51,Heating Tertiary,2010,4135,2.9456600998578843e-05,2010/06/22 06:00:00
ES51,Heating Tertiary,2010,4136,2.7709500939352142e-05,2010/06/22 07:00:00
ES51,Heating Tertiary,2010,4137,2.4972300846561056e-05,2010/06/22 08:00:00
ES51,Heating Tertiary,2010,4138,2.1845300740555745e-05,2010/06/22 09:00:00
ES51,Heating Tertiary,2010,4139,1.9039500645439116e-05,2010/06/22 10:00:00
ES51,Heating Tertiary,2010,4140,1.6872500571977807e-05,2010/06/22 11:00:00
ES51,Heating Tertiary,2010,4141,1.5367500520958302e-05,2010/06/22 12:00:00
ES51,Heating Tertiary,2010,4142,1.4242100482807239e-05,2010/06/22 13:00:00
ES51,Heating Tertiary,2010,4143,1.3487000457209345e-05,2010/06/22 14:00:00
ES51,Heating Tertiary,2010,4144,1.3152100445856235e-05,2010/06/22 15:00:00
ES51,Heating Tertiary,2010,4145,1.3170300446473214e-05,2010/06/22 16:00:00
ES51,Heating Tertiary,2010,4146,1.3304600451025986e-05,2010/06/22 17:00:00
ES51,Heating Tertiary,2010,4147,1.3349600452551486e-05,2010/06/22 18:00:00
ES51,Heating Tertiary,2010,4148,1.3423300455049915e-05,2010/06/22 19:00:00
ES51,Heating Tertiary,2010,4149,1.3752200466199626e-05,2010/06/22 20:00:00
ES51,Heating Tertiary,2010,4150,1.470530049850972e-05,2010/06/22 21:00:00
ES51,Heating Tertiary,2010,4151,1.6552100561116244e-05,2010/06/22 22:00:00
ES51,Heating Tertiary,2010,4152,1.9257400652825927e-05,2010/06/22 23:00:00
ES51,Heating Tertiary,2010,4153,2.2416800759929593e-05,2010/06/23 00:00:00
ES51,Heating Tertiary,2010,4154,2.5392200860795665e-05,2010/06/23 01:00:00
ES51,Heating Tertiary,2010,4155,2.7669000937979196e-05,2010/06/23 02:00:00
ES51,Heating Tertiary,2010,4156,2.903820098439508e-05,2010/06/23 03:00:00
ES51,Heating Tertiary,2010,4157,2.9748101008460694e-05,2010/06/23 04:00:00
ES51,Heating Tertiary,2010,4158,3.0011601017393342e-05,2010/06/23 05:00:00
ES51,Heating Tertiary,2010,4159,2.9456600998578843e-05,2010/06/23 06:00:00
ES51,Heating Tertiary,2010,4160,2.7709500939352142e-05,2010/06/23 07:00:00
ES51,Heating Tertiary,2010,4161,2.4972300846561056e-05,2010/06/23 08:00:00
ES51,Heating Tertiary,2010,4162,2.1845300740555745e-05,2010/06/23 09:00:00
ES51,Heating Tertiary,2010,4163,1.9039500645439116e-05,2010/06/23 10:00:00
ES51,Heating Tertiary,2010,4164,1.6872500571977807e-05,2010/06/23 11:00:00
ES51,Heating Tertiary,2010,4165,1.5367500520958302e-05,2010/06/23 12:00:00
ES51,Heating Tertiary,2010,4166,1.4242100482807239e-05,2010/06/23 13:00:00
ES51,Heating Tertiary,2010,4167,1.3487000457209345e-05,2010/06/23 14:00:00
ES51,Heating Tertiary,2010,4168,1.3152100445856235e-05,2010/06/23 15:00:00
ES51,Heating Tertiary,2010,4169,1.3170300446473214e-05,2010/06/23 16:00:00
ES51,Heating Tertiary,2010,4170,1.3304600451025986e-05,2010/06/23 17:00:00
ES51,Heating Tertiary,2010,4171,1.3349600452551486e-05,2010/06/23 18:00:00
ES51,Heating Tertiary,2010,4172,1.3423300455049915e-05,2010/06/23 19:00:00
ES51,Heating Tertiary,2010,4173,1.3752200466199626e-05,2010/06/23 20:00:00
ES51,Heating Tertiary,2010,4174,1.470530049850972e-05,2010/06/23 21:00:00
ES51,Heating Tertiary,2010,4175,1.6552100561116244e-05,2010/06/23 22:00:00
ES51,Heating Tertiary,2010,4176,1.9257400652825927e-05,2010/06/23 23:00:00
ES51,Heating Tertiary,2010,4177,2.2416800759929593e-05,2010/06/24 00:00:00
ES51,Heating Tertiary,2010,4178,2.5392200860795665e-05,2010/06/24 01:00:00
ES51,Heating Tertiary,2010,4179,2.7669000937979196e-05,2010/06/24 02:00:00
ES51,Heating Tertiary,2010,4180,2.903820098439508e-05,2010/06/24 03:00:00
ES51,Heating Tertiary,2010,4181,2.9748101008460694e-05,2010/06/24 04:00:00
ES51,Heating Tertiary,2010,4182,3.0011601017393342e-05,2010/06/24 05:00:00
ES51,Heating Tertiary,2010,4183,2.9456600998578843e-05,2010/06/24 06:00:00
ES51,Heating Tertiary,2010,4184,2.7709500939352142e-05,2010/06/24 07:00:00
ES51,Heating Tertiary,2010,4185,2.4972300846561056e-05,2010/06/24 08:00:00
ES51,Heating Tertiary,2010,4186,2.1845300740555745e-05,2010/06/24 09:00:00
ES51,Heating Tertiary,2010,4187,1.9039500645439116e-05,2010/06/24 10:00:00
ES51,Heating Tertiary,2010,4188,1.6872500571977807e-05,2010/06/24 11:00:00
ES51,Heating Tertiary,2010,4189,1.5367500520958302e-05,2010/06/24 12:00:00
ES51,Heating Tertiary,2010,4190,1.4242100482807239e-05,2010/06/24 13:00:00
ES51,Heating Tertiary,2010,4191,1.3487000457209345e-05,2010/06/24 14:00:00
ES51,Heating Tertiary,2010,4192,1.3152100445856235e-05,2010/06/24 15:00:00
ES51,Heating Tertiary,2010,4193,1.3170300446473214e-05,2010/06/24 16:00:00
ES51,Heating Tertiary,2010,4194,1.3304600451025986e-05,2010/06/24 17:00:00
ES51,Heating Tertiary,2010,4195,1.3349600452551486e-05,2010/06/24 18:00:00
ES51,Heating Tertiary,2010,4196,1.3423300455049915e-05,2010/06/24 19:00:00
ES51,Heating Tertiary,2010,4197,1.3752200466199626e-05,2010/06/24 20:00:00
ES51,Heating Tertiary,2010,4198,1.470530049850972e-05,2010/06/24 21:00:00
ES51,Heating Tertiary,2010,4199,1.6552100561116244e-05,2010/06/24 22:00:00
ES51,Heating Tertiary,2010,4200,1.9257400652825927e-05,2010/06/24 23:00:00
ES51,Heating Tertiary,2010,4201,2.2416800759929593e-05,2010/06/25 00:00:00
ES51,Heating Tertiary,2010,4202,2.5392200860795665e-05,2010/06/25 01:00:00
ES51,Heating Tertiary,2010,4203,2.7669000937979196e-05,2010/06/25 02:00:00
ES51,Heating Tertiary,2010,4204,2.903820098439508e-05,2010/06/25 03:00:00
ES51,Heating Tertiary,2010,4205,2.9748101008460694e-05,2010/06/25 04:00:00
ES51,Heating Tertiary,2010,4206,3.0011601017393342e-05,2010/06/25 05:00:00
ES51,Heating Tertiary,2010,4207,2.9456600998578843e-05,2010/06/25 06:00:00
ES51,Heating Tertiary,2010,4208,2.7709500939352142e-05,2010/06/25 07:00:00
ES51,Heating Tertiary,2010,4209,2.4972300846561056e-05,2010/06/25 08:00:00
ES51,Heating Tertiary,2010,4210,2.1845300740555745e-05,2010/06/25 09:00:00
ES51,Heating Tertiary,2010,4211,1.9039500645439116e-05,2010/06/25 10:00:00
ES51,Heating Tertiary,2010,4212,1.6872500571977807e-05,2010/06/25 11:00:00
ES51,Heating Tertiary,2010,4213,1.5367500520958302e-05,2010/06/25 12:00:00
ES51,Heating Tertiary,2010,4214,1.4242100482807239e-05,2010/06/25 13:00:00
ES51,Heating Tertiary,2010,4215,1.3487000457209345e-05,2010/06/25 14:00:00
ES51,Heating Tertiary,2010,4216,1.3152100445856235e-05,2010/06/25 15:00:00
ES51,Heating Tertiary,2010,4217,1.3170300446473214e-05,2010/06/25 16:00:00
ES51,Heating Tertiary,2010,4218,1.3304600451025986e-05,2010/06/25 17:00:00
ES51,Heating Tertiary,2010,4219,1.3349600452551486e-05,2010/06/25 18:00:00
ES51,Heating Tertiary,2010,4220,1.3423300455049915e-05,2010/06/25 19:00:00
ES51,Heating Tertiary,2010,4221,1.3752200466199626e-05,2010/06/25 20:00:00
ES51,Heating Tertiary,2010,4222,1.470530049850972e-05,2010/06/25 21:00:00
ES51,Heating Tertiary,2010,4223,1.6552100561116244e-05,2010/06/25 22:00:00
ES51,Heating Tertiary,2010,4224,1.9257400652825927e-05,2010/06/25 23:00:00
ES51,Heating Tertiary,2010,4225,2.349440079646024e-05,2010/06/26 00:00:00
ES51,Heating Tertiary,2010,4226,2.675220090689967e-05,2010/06/26 01:00:00
ES51,Heating Tertiary,2010,4227,2.9133300987618967e-05,2010/06/26 02:00:00
ES51,Heating Tertiary,2010,4228,3.0497701033872133e-05,2010/06/26 03:00:00
ES51,Heating Tertiary,2010,4229,3.1322901061846416e-05,2010/06/26 04:00:00
ES51,Heating Tertiary,2010,4230,3.1755301076504775e-05,2010/06/26 05:00:00
ES51,Heating Tertiary,2010,4231,3.1304101061209095e-05,2010/06/26 06:00:00
ES51,Heating Tertiary,2010,4232,2.960920100375198e-05,2010/06/26 07:00:00
ES51,Heating Tertiary,2010,4233,2.6869900910889702e-05,2010/06/26 08:00:00
ES51,Heating Tertiary,2010,4234,2.364430080154185e-05,2010/06/26 09:00:00
ES51,Heating Tertiary,2010,4235,2.05457006964993e-05,2010/06/26 10:00:00
ES51,Heating Tertiary,2010,4236,1.806450061238661e-05,2010/06/26 11:00:00
ES51,Heating Tertiary,2010,4237,1.6290400552244617e-05,2010/06/26 12:00:00
ES51,Heating Tertiary,2010,4238,1.4988300508103422e-05,2010/06/26 13:00:00
ES51,Heating Tertiary,2010,4239,1.4071100477010338e-05,2010/06/26 14:00:00
ES51,Heating Tertiary,2010,4240,1.3667400463324907e-05,2010/06/26 15:00:00
ES51,Heating Tertiary,2010,4241,1.3719600465094487e-05,2010/06/26 16:00:00
ES51,Heating Tertiary,2010,4242,1.3903400471325307e-05,2010/06/26 17:00:00
ES51,Heating Tertiary,2010,4243,1.3961400473291507e-05,2010/06/26 18:00:00
ES51,Heating Tertiary,2010,4244,1.3949200472877927e-05,2010/06/26 19:00:00
ES51,Heating Tertiary,2010,4245,1.4126000478871447e-05,2010/06/26 20:00:00
ES51,Heating Tertiary,2010,4246,1.4956600507028791e-05,2010/06/26 21:00:00
ES51,Heating Tertiary,2010,4247,1.6886200572442238e-05,2010/06/26 22:00:00
ES51,Heating Tertiary,2010,4248,1.9888200674210047e-05,2010/06/26 23:00:00
ES51,Heating Tertiary,2010,4249,2.3236800787727598e-05,2010/06/27 00:00:00
ES51,Heating Tertiary,2010,4250,2.6768400907448852e-05,2010/06/27 01:00:00
ES51,Heating Tertiary,2010,4251,2.9619901004114713e-05,2010/06/27 02:00:00
ES51,Heating Tertiary,2010,4252,3.1376001063646505e-05,2010/06/27 03:00:00
ES51,Heating Tertiary,2010,4253,3.2174801090725826e-05,2010/06/27 04:00:00
ES51,Heating Tertiary,2010,4254,3.244870110001104e-05,2010/06/27 05:00:00
ES51,Heating Tertiary,2010,4255,3.1865001080223605e-05,2010/06/27 06:00:00
ES51,Heating Tertiary,2010,4256,3.0150701022108832e-05,2010/06/27 07:00:00
ES51,Heating Tertiary,2010,4257,2.7432500929961846e-05,2010/06/27 08:00:00
ES51,Heating Tertiary,2010,4258,2.4225200821234363e-05,2010/06/27 09:00:00
ES51,Heating Tertiary,2010,4259,2.1216700719246202e-05,2010/06/27 10:00:00
ES51,Heating Tertiary,2010,4260,1.8898300640652433e-05,2010/06/27 11:00:00
ES51,Heating Tertiary,2010,4261,1.7297800586395477e-05,2010/06/27 12:00:00
ES51,Heating Tertiary,2010,4262,1.6064200544576433e-05,2010/06/27 13:00:00
ES51,Heating Tertiary,2010,4263,1.5114100512368043e-05,2010/06/27 14:00:00
ES51,Heating Tertiary,2010,4264,1.458940049458071e-05,2010/06/27 15:00:00
ES51,Heating Tertiary,2010,4265,1.435580048666167e-05,2010/06/27 16:00:00
ES51,Heating Tertiary,2010,4266,1.4243300482847918e-05,2010/06/27 17:00:00
ES51,Heating Tertiary,2010,4267,1.4063200476742528e-05,2010/06/27 18:00:00
ES51,Heating Tertiary,2010,4268,1.4001100474637337e-05,2010/06/27 19:00:00
ES51,Heating Tertiary,2010,4269,1.4252200483149628e-05,2010/06/27 20:00:00
ES51,Heating Tertiary,2010,4270,1.5156000513788453e-05,2010/06/27 21:00:00
ES51,Heating Tertiary,2010,4271,1.7014000576774658e-05,2010/06/27 22:00:00
ES51,Heating Tertiary,2010,4272,1.9786100670748857e-05,2010/06/27 23:00:00
ES51,Heating Tertiary,2010,4273,2.2416800759929593e-05,2010/06/28 00:00:00
ES51,Heating Tertiary,2010,4274,2.5392200860795665e-05,2010/06/28 01:00:00
ES51,Heating Tertiary,2010,4275,2.7669000937979196e-05,2010/06/28 02:00:00
ES51,Heating Tertiary,2010,4276,2.903820098439508e-05,2010/06/28 03:00:00
ES51,Heating Tertiary,2010,4277,2.9748101008460694e-05,2010/06/28 04:00:00
ES51,Heating Tertiary,2010,4278,3.0011601017393342e-05,2010/06/28 05:00:00
ES51,Heating Tertiary,2010,4279,2.9456600998578843e-05,2010/06/28 06:00:00
ES51,Heating Tertiary,2010,4280,2.7709500939352142e-05,2010/06/28 07:00:00
ES51,Heating Tertiary,2010,4281,2.4972300846561056e-05,2010/06/28 08:00:00
ES51,Heating Tertiary,2010,4282,2.1845300740555745e-05,2010/06/28 09:00:00
ES51,Heating Tertiary,2010,4283,1.9039500645439116e-05,2010/06/28 10:00:00
ES51,Heating Tertiary,2010,4284,1.6872500571977807e-05,2010/06/28 11:00:00
ES51,Heating Tertiary,2010,4285,1.5367500520958302e-05,2010/06/28 12:00:00
ES51,Heating Tertiary,2010,4286,1.4242100482807239e-05,2010/06/28 13:00:00
ES51,Heating Tertiary,2010,4287,1.3487000457209345e-05,2010/06/28 14:00:00
ES51,Heating Tertiary,2010,4288,1.3152100445856235e-05,2010/06/28 15:00:00
ES51,Heating Tertiary,2010,4289,1.3170300446473214e-05,2010/06/28 16:00:00
ES51,Heating Tertiary,2010,4290,1.3304600451025986e-05,2010/06/28 17:00:00
ES51,Heating Tertiary,2010,4291,1.3349600452551486e-05,2010/06/28 18:00:00
ES51,Heating Tertiary,2010,4292,1.3423300455049915e-05,2010/06/28 19:00:00
ES51,Heating Tertiary,2010,4293,1.3752200466199626e-05,2010/06/28 20:00:00
ES51,Heating Tertiary,2010,4294,1.470530049850972e-05,2010/06/28 21:00:00
ES51,Heating Tertiary,2010,4295,1.6552100561116244e-05,2010/06/28 22:00:00
ES51,Heating Tertiary,2010,4296,1.9257400652825927e-05,2010/06/28 23:00:00
ES51,Heating Tertiary,2010,4297,2.2416800759929593e-05,2010/06/29 00:00:00
ES51,Heating Tertiary,2010,4298,2.5392200860795665e-05,2010/06/29 01:00:00
ES51,Heating Tertiary,2010,4299,2.7669000937979196e-05,2010/06/29 02:00:00
ES51,Heating Tertiary,2010,4300,2.903820098439508e-05,2010/06/29 03:00:00
ES51,Heating Tertiary,2010,4301,2.9748101008460694e-05,2010/06/29 04:00:00
ES51,Heating Tertiary,2010,4302,3.0011601017393342e-05,2010/06/29 05:00:00
ES51,Heating Tertiary,2010,4303,2.9456600998578843e-05,2010/06/29 06:00:00
ES51,Heating Tertiary,2010,4304,2.7709500939352142e-05,2010/06/29 07:00:00
ES51,Heating Tertiary,2010,4305,2.4972300846561056e-05,2010/06/29 08:00:00
ES51,Heating Tertiary,2010,4306,2.1845300740555745e-05,2010/06/29 09:00:00
ES51,Heating Tertiary,2010,4307,1.9039500645439116e-05,2010/06/29 10:00:00
ES51,Heating Tertiary,2010,4308,1.6872500571977807e-05,2010/06/29 11:00:00
ES51,Heating Tertiary,2010,4309,1.5367500520958302e-05,2010/06/29 12:00:00
ES51,Heating Tertiary,2010,4310,1.4242100482807239e-05,2010/06/29 13:00:00
ES51,Heating Tertiary,2010,4311,1.3487000457209345e-05,2010/06/29 14:00:00
ES51,Heating Tertiary,2010,4312,1.3152100445856235e-05,2010/06/29 15:00:00
ES51,Heating Tertiary,2010,4313,1.3170300446473214e-05,2010/06/29 16:00:00
ES51,Heating Tertiary,2010,4314,1.3304600451025986e-05,2010/06/29 17:00:00
ES51,Heating Tertiary,2010,4315,1.3349600452551486e-05,2010/06/29 18:00:00
ES51,Heating Tertiary,2010,4316,1.3423300455049915e-05,2010/06/29 19:00:00
ES51,Heating Tertiary,2010,4317,1.3752200466199626e-05,2010/06/29 20:00:00
ES51,Heating Tertiary,2010,4318,1.470530049850972e-05,2010/06/29 21:00:00
ES51,Heating Tertiary,2010,4319,1.6552100561116244e-05,2010/06/29 22:00:00
ES51,Heating Tertiary,2010,4320,1.9257400652825927e-05,2010/06/29 23:00:00
ES51,Heating Tertiary,2010,4321,2.2416800759929593e-05,2010/06/30 00:00:00
ES51,Heating Tertiary,2010,4322,2.5392200860795665e-05,2010/06/30 01:00:00
ES51,Heating Tertiary,2010,4323,2.7669000937979196e-05,2010/06/30 02:00:00
ES51,Heating Tertiary,2010,4324,2.903820098439508e-05,2010/06/30 03:00:00
ES51,Heating Tertiary,2010,4325,2.9748101008460694e-05,2010/06/30 04:00:00
ES51,Heating Tertiary,2010,4326,3.0011601017393342e-05,2010/06/30 05:00:00
ES51,Heating Tertiary,2010,4327,2.9456600998578843e-05,2010/06/30 06:00:00
ES51,Heating Tertiary,2010,4328,2.7709500939352142e-05,2010/06/30 07:00:00
ES51,Heating Tertiary,2010,4329,2.4972300846561056e-05,2010/06/30 08:00:00
ES51,Heating Tertiary,2010,4330,2.1845300740555745e-05,2010/06/30 09:00:00
ES51,Heating Tertiary,2010,4331,1.9039500645439116e-05,2010/06/30 10:00:00
ES51,Heating Tertiary,2010,4332,1.6872500571977807e-05,2010/06/30 11:00:00
ES51,Heating Tertiary,2010,4333,1.5367500520958302e-05,2010/06/30 12:00:00
ES51,Heating Tertiary,2010,4334,1.4242100482807239e-05,2010/06/30 13:00:00
ES51,Heating Tertiary,2010,4335,1.3487000457209345e-05,2010/06/30 14:00:00
ES51,Heating Tertiary,2010,4336,1.3152100445856235e-05,2010/06/30 15:00:00
ES51,Heating Tertiary,2010,4337,1.3170300446473214e-05,2010/06/30 16:00:00
ES51,Heating Tertiary,2010,4338,1.3304600451025986e-05,2010/06/30 17:00:00
ES51,Heating Tertiary,2010,4339,1.3349600452551486e-05,2010/06/30 18:00:00
ES51,Heating Tertiary,2010,4340,1.3423300455049915e-05,2010/06/30 19:00:00
ES51,Heating Tertiary,2010,4341,1.3752200466199626e-05,2010/06/30 20:00:00
ES51,Heating Tertiary,2010,4342,1.470530049850972e-05,2010/06/30 21:00:00
ES51,Heating Tertiary,2010,4343,1.6552100561116244e-05,2010/06/30 22:00:00
ES51,Heating Tertiary,2010,4344,1.9257400652825927e-05,2010/06/30 23:00:00
ES51,Heating Tertiary,2010,4345,2.2416800759929593e-05,2010/07/01 00:00:00
ES51,Heating Tertiary,2010,4346,2.5392200860795665e-05,2010/07/01 01:00:00
ES51,Heating Tertiary,2010,4347,2.7669000937979196e-05,2010/07/01 02:00:00
ES51,Heating Tertiary,2010,4348,2.903820098439508e-05,2010/07/01 03:00:00
ES51,Heating Tertiary,2010,4349,2.9748101008460694e-05,2010/07/01 04:00:00
ES51,Heating Tertiary,2010,4350,3.0011601017393342e-05,2010/07/01 05:00:00
ES51,Heating Tertiary,2010,4351,2.9456600998578843e-05,2010/07/01 06:00:00
ES51,Heating Tertiary,2010,4352,2.7709500939352142e-05,2010/07/01 07:00:00
ES51,Heating Tertiary,2010,4353,2.4972300846561056e-05,2010/07/01 08:00:00
ES51,Heating Tertiary,2010,4354,2.1845300740555745e-05,2010/07/01 09:00:00
ES51,Heating Tertiary,2010,4355,1.9039500645439116e-05,2010/07/01 10:00:00
ES51,Heating Tertiary,2010,4356,1.6872500571977807e-05,2010/07/01 11:00:00
ES51,Heating Tertiary,2010,4357,1.5367500520958302e-05,2010/07/01 12:00:00
ES51,Heating Tertiary,2010,4358,1.4242100482807239e-05,2010/07/01 13:00:00
ES51,Heating Tertiary,2010,4359,1.3487000457209345e-05,2010/07/01 14:00:00
ES51,Heating Tertiary,2010,4360,1.3152100445856235e-05,2010/07/01 15:00:00
ES51,Heating Tertiary,2010,4361,1.3170300446473214e-05,2010/07/01 16:00:00
ES51,Heating Tertiary,2010,4362,1.3304600451025986e-05,2010/07/01 17:00:00
ES51,Heating Tertiary,2010,4363,1.3349600452551486e-05,2010/07/01 18:00:00
ES51,Heating Tertiary,2010,4364,1.3423300455049915e-05,2010/07/01 19:00:00
ES51,Heating Tertiary,2010,4365,1.3752200466199626e-05,2010/07/01 20:00:00
ES51,Heating Tertiary,2010,4366,1.470530049850972e-05,2010/07/01 21:00:00
ES51,Heating Tertiary,2010,4367,1.6552100561116244e-05,2010/07/01 22:00:00
ES51,Heating Tertiary,2010,4368,1.9257400652825927e-05,2010/07/01 23:00:00
ES51,Heating Tertiary,2010,4369,2.2416800759929593e-05,2010/07/02 00:00:00
ES51,Heating Tertiary,2010,4370,2.5392200860795665e-05,2010/07/02 01:00:00
ES51,Heating Tertiary,2010,4371,2.7669000937979196e-05,2010/07/02 02:00:00
ES51,Heating Tertiary,2010,4372,2.903820098439508e-05,2010/07/02 03:00:00
ES51,Heating Tertiary,2010,4373,2.9748101008460694e-05,2010/07/02 04:00:00
ES51,Heating Tertiary,2010,4374,3.0011601017393342e-05,2010/07/02 05:00:00
ES51,Heating Tertiary,2010,4375,2.9456600998578843e-05,2010/07/02 06:00:00
ES51,Heating Tertiary,2010,4376,2.7709500939352142e-05,2010/07/02 07:00:00
ES51,Heating Tertiary,2010,4377,2.4972300846561056e-05,2010/07/02 08:00:00
ES51,Heating Tertiary,2010,4378,2.1845300740555745e-05,2010/07/02 09:00:00
ES51,Heating Tertiary,2010,4379,1.9039500645439116e-05,2010/07/02 10:00:00
ES51,Heating Tertiary,2010,4380,1.6872500571977807e-05,2010/07/02 11:00:00
ES51,Heating Tertiary,2010,4381,1.5367500520958302e-05,2010/07/02 12:00:00
ES51,Heating Tertiary,2010,4382,1.4242100482807239e-05,2010/07/02 13:00:00
ES51,Heating Tertiary,2010,4383,1.3487000457209345e-05,2010/07/02 14:00:00
ES51,Heating Tertiary,2010,4384,1.3152100445856235e-05,2010/07/02 15:00:00
ES51,Heating Tertiary,2010,4385,1.3170300446473214e-05,2010/07/02 16:00:00
ES51,Heating Tertiary,2010,4386,1.3304600451025986e-05,2010/07/02 17:00:00
ES51,Heating Tertiary,2010,4387,1.3349600452551486e-05,2010/07/02 18:00:00
ES51,Heating Tertiary,2010,4388,1.3423300455049915e-05,2010/07/02 19:00:00
ES51,Heating Tertiary,2010,4389,1.3752200466199626e-05,2010/07/02 20:00:00
ES51,Heating Tertiary,2010,4390,1.470530049850972e-05,2010/07/02 21:00:00
ES51,Heating Tertiary,2010,4391,1.6552100561116244e-05,2010/07/02 22:00:00
ES51,Heating Tertiary,2010,4392,1.9257400652825927e-05,2010/07/02 23:00:00
ES51,Heating Tertiary,2010,4393,2.349440079646024e-05,2010/07/03 00:00:00
ES51,Heating Tertiary,2010,4394,2.675220090689967e-05,2010/07/03 01:00:00
ES51,Heating Tertiary,2010,4395,2.9133300987618967e-05,2010/07/03 02:00:00
ES51,Heating Tertiary,2010,4396,3.0497701033872133e-05,2010/07/03 03:00:00
ES51,Heating Tertiary,2010,4397,3.1322901061846416e-05,2010/07/03 04:00:00
ES51,Heating Tertiary,2010,4398,3.1755301076504775e-05,2010/07/03 05:00:00
ES51,Heating Tertiary,2010,4399,3.1304101061209095e-05,2010/07/03 06:00:00
ES51,Heating Tertiary,2010,4400,2.960920100375198e-05,2010/07/03 07:00:00
ES51,Heating Tertiary,2010,4401,2.6869900910889702e-05,2010/07/03 08:00:00
ES51,Heating Tertiary,2010,4402,2.364430080154185e-05,2010/07/03 09:00:00
ES51,Heating Tertiary,2010,4403,2.05457006964993e-05,2010/07/03 10:00:00
ES51,Heating Tertiary,2010,4404,1.806450061238661e-05,2010/07/03 11:00:00
ES51,Heating Tertiary,2010,4405,1.6290400552244617e-05,2010/07/03 12:00:00
ES51,Heating Tertiary,2010,4406,1.4988300508103422e-05,2010/07/03 13:00:00
ES51,Heating Tertiary,2010,4407,1.4071100477010338e-05,2010/07/03 14:00:00
ES51,Heating Tertiary,2010,4408,1.3667400463324907e-05,2010/07/03 15:00:00
ES51,Heating Tertiary,2010,4409,1.3719600465094487e-05,2010/07/03 16:00:00
ES51,Heating Tertiary,2010,4410,1.3903400471325307e-05,2010/07/03 17:00:00
ES51,Heating Tertiary,2010,4411,1.3961400473291507e-05,2010/07/03 18:00:00
ES51,Heating Tertiary,2010,4412,1.3949200472877927e-05,2010/07/03 19:00:00
ES51,Heating Tertiary,2010,4413,1.4126000478871447e-05,2010/07/03 20:00:00
ES51,Heating Tertiary,2010,4414,1.4956600507028791e-05,2010/07/03 21:00:00
ES51,Heating Tertiary,2010,4415,1.6886200572442238e-05,2010/07/03 22:00:00
ES51,Heating Tertiary,2010,4416,1.9888200674210047e-05,2010/07/03 23:00:00
ES51,Heating Tertiary,2010,4417,2.3236800787727598e-05,2010/07/04 00:00:00
ES51,Heating Tertiary,2010,4418,2.6768400907448852e-05,2010/07/04 01:00:00
ES51,Heating Tertiary,2010,4419,2.9619901004114713e-05,2010/07/04 02:00:00
ES51,Heating Tertiary,2010,4420,3.1376001063646505e-05,2010/07/04 03:00:00
ES51,Heating Tertiary,2010,4421,3.2174801090725826e-05,2010/07/04 04:00:00
ES51,Heating Tertiary,2010,4422,3.244870110001104e-05,2010/07/04 05:00:00
ES51,Heating Tertiary,2010,4423,3.1865001080223605e-05,2010/07/04 06:00:00
ES51,Heating Tertiary,2010,4424,3.0150701022108832e-05,2010/07/04 07:00:00
ES51,Heating Tertiary,2010,4425,2.7432500929961846e-05,2010/07/04 08:00:00
ES51,Heating Tertiary,2010,4426,2.4225200821234363e-05,2010/07/04 09:00:00
ES51,Heating Tertiary,2010,4427,2.1216700719246202e-05,2010/07/04 10:00:00
ES51,Heating Tertiary,2010,4428,1.8898300640652433e-05,2010/07/04 11:00:00
ES51,Heating Tertiary,2010,4429,1.7297800586395477e-05,2010/07/04 12:00:00
ES51,Heating Tertiary,2010,4430,1.6064200544576433e-05,2010/07/04 13:00:00
ES51,Heating Tertiary,2010,4431,1.5114100512368043e-05,2010/07/04 14:00:00
ES51,Heating Tertiary,2010,4432,1.458940049458071e-05,2010/07/04 15:00:00
ES51,Heating Tertiary,2010,4433,1.435580048666167e-05,2010/07/04 16:00:00
ES51,Heating Tertiary,2010,4434,1.4243300482847918e-05,2010/07/04 17:00:00
ES51,Heating Tertiary,2010,4435,1.4063200476742528e-05,2010/07/04 18:00:00
ES51,Heating Tertiary,2010,4436,1.4001100474637337e-05,2010/07/04 19:00:00
ES51,Heating Tertiary,2010,4437,1.4252200483149628e-05,2010/07/04 20:00:00
ES51,Heating Tertiary,2010,4438,1.5156000513788453e-05,2010/07/04 21:00:00
ES51,Heating Tertiary,2010,4439,1.7014000576774658e-05,2010/07/04 22:00:00
ES51,Heating Tertiary,2010,4440,1.9786100670748857e-05,2010/07/04 23:00:00
ES51,Heating Tertiary,2010,4441,2.2416800759929593e-05,2010/07/05 00:00:00
ES51,Heating Tertiary,2010,4442,2.5392200860795665e-05,2010/07/05 01:00:00
ES51,Heating Tertiary,2010,4443,2.7669000937979196e-05,2010/07/05 02:00:00
ES51,Heating Tertiary,2010,4444,2.903820098439508e-05,2010/07/05 03:00:00
ES51,Heating Tertiary,2010,4445,2.9748101008460694e-05,2010/07/05 04:00:00
ES51,Heating Tertiary,2010,4446,3.0011601017393342e-05,2010/07/05 05:00:00
ES51,Heating Tertiary,2010,4447,2.9456600998578843e-05,2010/07/05 06:00:00
ES51,Heating Tertiary,2010,4448,2.7709500939352142e-05,2010/07/05 07:00:00
ES51,Heating Tertiary,2010,4449,2.4972300846561056e-05,2010/07/05 08:00:00
ES51,Heating Tertiary,2010,4450,2.1845300740555745e-05,2010/07/05 09:00:00
ES51,Heating Tertiary,2010,4451,1.9039500645439116e-05,2010/07/05 10:00:00
ES51,Heating Tertiary,2010,4452,1.6872500571977807e-05,2010/07/05 11:00:00
ES51,Heating Tertiary,2010,4453,1.5367500520958302e-05,2010/07/05 12:00:00
ES51,Heating Tertiary,2010,4454,1.4242100482807239e-05,2010/07/05 13:00:00
ES51,Heating Tertiary,2010,4455,1.3487000457209345e-05,2010/07/05 14:00:00
ES51,Heating Tertiary,2010,4456,1.3152100445856235e-05,2010/07/05 15:00:00
ES51,Heating Tertiary,2010,4457,1.3170300446473214e-05,2010/07/05 16:00:00
ES51,Heating Tertiary,2010,4458,1.3304600451025986e-05,2010/07/05 17:00:00
ES51,Heating Tertiary,2010,4459,1.3349600452551486e-05,2010/07/05 18:00:00
ES51,Heating Tertiary,2010,4460,1.3423300455049915e-05,2010/07/05 19:00:00
ES51,Heating Tertiary,2010,4461,1.3752200466199626e-05,2010/07/05 20:00:00
ES51,Heating Tertiary,2010,4462,1.470530049850972e-05,2010/07/05 21:00:00
ES51,Heating Tertiary,2010,4463,1.6552100561116244e-05,2010/07/05 22:00:00
ES51,Heating Tertiary,2010,4464,1.9257400652825927e-05,2010/07/05 23:00:00
ES51,Heating Tertiary,2010,4465,2.2416800759929593e-05,2010/07/06 00:00:00
ES51,Heating Tertiary,2010,4466,2.5392200860795665e-05,2010/07/06 01:00:00
ES51,Heating Tertiary,2010,4467,2.7669000937979196e-05,2010/07/06 02:00:00
ES51,Heating Tertiary,2010,4468,2.903820098439508e-05,2010/07/06 03:00:00
ES51,Heating Tertiary,2010,4469,2.9748101008460694e-05,2010/07/06 04:00:00
ES51,Heating Tertiary,2010,4470,3.0011601017393342e-05,2010/07/06 05:00:00
ES51,Heating Tertiary,2010,4471,2.9456600998578843e-05,2010/07/06 06:00:00
ES51,Heating Tertiary,2010,4472,2.7709500939352142e-05,2010/07/06 07:00:00
ES51,Heating Tertiary,2010,4473,2.4972300846561056e-05,2010/07/06 08:00:00
ES51,Heating Tertiary,2010,4474,2.1845300740555745e-05,2010/07/06 09:00:00
ES51,Heating Tertiary,2010,4475,1.9039500645439116e-05,2010/07/06 10:00:00
ES51,Heating Tertiary,2010,4476,1.6872500571977807e-05,2010/07/06 11:00:00
ES51,Heating Tertiary,2010,4477,1.5367500520958302e-05,2010/07/06 12:00:00
ES51,Heating Tertiary,2010,4478,1.4242100482807239e-05,2010/07/06 13:00:00
ES51,Heating Tertiary,2010,4479,1.3487000457209345e-05,2010/07/06 14:00:00
ES51,Heating Tertiary,2010,4480,1.3152100445856235e-05,2010/07/06 15:00:00
ES51,Heating Tertiary,2010,4481,1.3170300446473214e-05,2010/07/06 16:00:00
ES51,Heating Tertiary,2010,4482,1.3304600451025986e-05,2010/07/06 17:00:00
ES51,Heating Tertiary,2010,4483,1.3349600452551486e-05,2010/07/06 18:00:00
ES51,Heating Tertiary,2010,4484,1.3423300455049915e-05,2010/07/06 19:00:00
ES51,Heating Tertiary,2010,4485,1.3752200466199626e-05,2010/07/06 20:00:00
ES51,Heating Tertiary,2010,4486,1.470530049850972e-05,2010/07/06 21:00:00
ES51,Heating Tertiary,2010,4487,1.6552100561116244e-05,2010/07/06 22:00:00
ES51,Heating Tertiary,2010,4488,1.9257400652825927e-05,2010/07/06 23:00:00
ES51,Heating Tertiary,2010,4489,2.2416800759929593e-05,2010/07/07 00:00:00
ES51,Heating Tertiary,2010,4490,2.5392200860795665e-05,2010/07/07 01:00:00
ES51,Heating Tertiary,2010,4491,2.7669000937979196e-05,2010/07/07 02:00:00
ES51,Heating Tertiary,2010,4492,2.903820098439508e-05,2010/07/07 03:00:00
ES51,Heating Tertiary,2010,4493,2.9748101008460694e-05,2010/07/07 04:00:00
ES51,Heating Tertiary,2010,4494,3.0011601017393342e-05,2010/07/07 05:00:00
ES51,Heating Tertiary,2010,4495,2.9456600998578843e-05,2010/07/07 06:00:00
ES51,Heating Tertiary,2010,4496,2.7709500939352142e-05,2010/07/07 07:00:00
ES51,Heating Tertiary,2010,4497,2.4972300846561056e-05,2010/07/07 08:00:00
ES51,Heating Tertiary,2010,4498,2.1845300740555745e-05,2010/07/07 09:00:00
ES51,Heating Tertiary,2010,4499,1.9039500645439116e-05,2010/07/07 10:00:00
ES51,Heating Tertiary,2010,4500,1.6872500571977807e-05,2010/07/07 11:00:00
ES51,Heating Tertiary,2010,4501,1.5367500520958302e-05,2010/07/07 12:00:00
ES51,Heating Tertiary,2010,4502,1.4242100482807239e-05,2010/07/07 13:00:00
ES51,Heating Tertiary,2010,4503,1.3487000457209345e-05,2010/07/07 14:00:00
ES51,Heating Tertiary,2010,4504,1.3152100445856235e-05,2010/07/07 15:00:00
ES51,Heating Tertiary,2010,4505,1.3170300446473214e-05,2010/07/07 16:00:00
ES51,Heating Tertiary,2010,4506,1.3304600451025986e-05,2010/07/07 17:00:00
ES51,Heating Tertiary,2010,4507,1.3349600452551486e-05,2010/07/07 18:00:00
ES51,Heating Tertiary,2010,4508,1.3423300455049915e-05,2010/07/07 19:00:00
ES51,Heating Tertiary,2010,4509,1.3752200466199626e-05,2010/07/07 20:00:00
ES51,Heating Tertiary,2010,4510,1.470530049850972e-05,2010/07/07 21:00:00
ES51,Heating Tertiary,2010,4511,1.6552100561116244e-05,2010/07/07 22:00:00
ES51,Heating Tertiary,2010,4512,1.9257400652825927e-05,2010/07/07 23:00:00
ES51,Heating Tertiary,2010,4513,2.2416800759929593e-05,2010/07/08 00:00:00
ES51,Heating Tertiary,2010,4514,2.5392200860795665e-05,2010/07/08 01:00:00
ES51,Heating Tertiary,2010,4515,2.7669000937979196e-05,2010/07/08 02:00:00
ES51,Heating Tertiary,2010,4516,2.903820098439508e-05,2010/07/08 03:00:00
ES51,Heating Tertiary,2010,4517,2.9748101008460694e-05,2010/07/08 04:00:00
ES51,Heating Tertiary,2010,4518,3.0011601017393342e-05,2010/07/08 05:00:00
ES51,Heating Tertiary,2010,4519,2.9456600998578843e-05,2010/07/08 06:00:00
ES51,Heating Tertiary,2010,4520,2.7709500939352142e-05,2010/07/08 07:00:00
ES51,Heating Tertiary,2010,4521,2.4972300846561056e-05,2010/07/08 08:00:00
ES51,Heating Tertiary,2010,4522,2.1845300740555745e-05,2010/07/08 09:00:00
ES51,Heating Tertiary,2010,4523,1.9039500645439116e-05,2010/07/08 10:00:00
ES51,Heating Tertiary,2010,4524,1.6872500571977807e-05,2010/07/08 11:00:00
ES51,Heating Tertiary,2010,4525,1.5367500520958302e-05,2010/07/08 12:00:00
ES51,Heating Tertiary,2010,4526,1.4242100482807239e-05,2010/07/08 13:00:00
ES51,Heating Tertiary,2010,4527,1.3487000457209345e-05,2010/07/08 14:00:00
ES51,Heating Tertiary,2010,4528,1.3152100445856235e-05,2010/07/08 15:00:00
ES51,Heating Tertiary,2010,4529,1.3170300446473214e-05,2010/07/08 16:00:00
ES51,Heating Tertiary,2010,4530,1.3304600451025986e-05,2010/07/08 17:00:00
ES51,Heating Tertiary,2010,4531,1.3349600452551486e-05,2010/07/08 18:00:00
ES51,Heating Tertiary,2010,4532,1.3423300455049915e-05,2010/07/08 19:00:00
ES51,Heating Tertiary,2010,4533,1.3752200466199626e-05,2010/07/08 20:00:00
ES51,Heating Tertiary,2010,4534,1.470530049850972e-05,2010/07/08 21:00:00
ES51,Heating Tertiary,2010,4535,1.6552100561116244e-05,2010/07/08 22:00:00
ES51,Heating Tertiary,2010,4536,1.9257400652825927e-05,2010/07/08 23:00:00
ES51,Heating Tertiary,2010,4537,2.2416800759929593e-05,2010/07/09 00:00:00
ES51,Heating Tertiary,2010,4538,2.5392200860795665e-05,2010/07/09 01:00:00
ES51,Heating Tertiary,2010,4539,2.7669000937979196e-05,2010/07/09 02:00:00
ES51,Heating Tertiary,2010,4540,2.903820098439508e-05,2010/07/09 03:00:00
ES51,Heating Tertiary,2010,4541,2.9748101008460694e-05,2010/07/09 04:00:00
ES51,Heating Tertiary,2010,4542,3.0011601017393342e-05,2010/07/09 05:00:00
ES51,Heating Tertiary,2010,4543,2.9456600998578843e-05,2010/07/09 06:00:00
ES51,Heating Tertiary,2010,4544,2.7709500939352142e-05,2010/07/09 07:00:00
ES51,Heating Tertiary,2010,4545,2.4972300846561056e-05,2010/07/09 08:00:00
ES51,Heating Tertiary,2010,4546,2.1845300740555745e-05,2010/07/09 09:00:00
ES51,Heating Tertiary,2010,4547,1.9039500645439116e-05,2010/07/09 10:00:00
ES51,Heating Tertiary,2010,4548,1.6872500571977807e-05,2010/07/09 11:00:00
ES51,Heating Tertiary,2010,4549,1.5367500520958302e-05,2010/07/09 12:00:00
ES51,Heating Tertiary,2010,4550,1.4242100482807239e-05,2010/07/09 13:00:00
ES51,Heating Tertiary,2010,4551,1.3487000457209345e-05,2010/07/09 14:00:00
ES51,Heating Tertiary,2010,4552,1.3152100445856235e-05,2010/07/09 15:00:00
ES51,Heating Tertiary,2010,4553,1.3170300446473214e-05,2010/07/09 16:00:00
ES51,Heating Tertiary,2010,4554,1.3304600451025986e-05,2010/07/09 17:00:00
ES51,Heating Tertiary,2010,4555,1.3349600452551486e-05,2010/07/09 18:00:00
ES51,Heating Tertiary,2010,4556,1.3423300455049915e-05,2010/07/09 19:00:00
ES51,Heating Tertiary,2010,4557,1.3752200466199626e-05,2010/07/09 20:00:00
ES51,Heating Tertiary,2010,4558,1.470530049850972e-05,2010/07/09 21:00:00
ES51,Heating Tertiary,2010,4559,1.6552100561116244e-05,2010/07/09 22:00:00
ES51,Heating Tertiary,2010,4560,1.9257400652825927e-05,2010/07/09 23:00:00
ES51,Heating Tertiary,2010,4561,2.349440079646024e-05,2010/07/10 00:00:00
ES51,Heating Tertiary,2010,4562,2.675220090689967e-05,2010/07/10 01:00:00
ES51,Heating Tertiary,2010,4563,2.9133300987618967e-05,2010/07/10 02:00:00
ES51,Heating Tertiary,2010,4564,3.0497701033872133e-05,2010/07/10 03:00:00
ES51,Heating Tertiary,2010,4565,3.1322901061846416e-05,2010/07/10 04:00:00
ES51,Heating Tertiary,2010,4566,3.1755301076504775e-05,2010/07/10 05:00:00
ES51,Heating Tertiary,2010,4567,3.1304101061209095e-05,2010/07/10 06:00:00
ES51,Heating Tertiary,2010,4568,2.960920100375198e-05,2010/07/10 07:00:00
ES51,Heating Tertiary,2010,4569,2.6869900910889702e-05,2010/07/10 08:00:00
ES51,Heating Tertiary,2010,4570,2.364430080154185e-05,2010/07/10 09:00:00
ES51,Heating Tertiary,2010,4571,2.05457006964993e-05,2010/07/10 10:00:00
ES51,Heating Tertiary,2010,4572,1.806450061238661e-05,2010/07/10 11:00:00
ES51,Heating Tertiary,2010,4573,1.6290400552244617e-05,2010/07/10 12:00:00
ES51,Heating Tertiary,2010,4574,1.4988300508103422e-05,2010/07/10 13:00:00
ES51,Heating Tertiary,2010,4575,1.4071100477010338e-05,2010/07/10 14:00:00
ES51,Heating Tertiary,2010,4576,1.3667400463324907e-05,2010/07/10 15:00:00
ES51,Heating Tertiary,2010,4577,1.3719600465094487e-05,2010/07/10 16:00:00
ES51,Heating Tertiary,2010,4578,1.3903400471325307e-05,2010/07/10 17:00:00
ES51,Heating Tertiary,2010,4579,1.3961400473291507e-05,2010/07/10 18:00:00
ES51,Heating Tertiary,2010,4580,1.3949200472877927e-05,2010/07/10 19:00:00
ES51,Heating Tertiary,2010,4581,1.4126000478871447e-05,2010/07/10 20:00:00
ES51,Heating Tertiary,2010,4582,1.4956600507028791e-05,2010/07/10 21:00:00
ES51,Heating Tertiary,2010,4583,1.6886200572442238e-05,2010/07/10 22:00:00
ES51,Heating Tertiary,2010,4584,1.9888200674210047e-05,2010/07/10 23:00:00
ES51,Heating Tertiary,2010,4585,2.3236800787727598e-05,2010/07/11 00:00:00
ES51,Heating Tertiary,2010,4586,2.6768400907448852e-05,2010/07/11 01:00:00
ES51,Heating Tertiary,2010,4587,2.9619901004114713e-05,2010/07/11 02:00:00
ES51,Heating Tertiary,2010,4588,3.1376001063646505e-05,2010/07/11 03:00:00
ES51,Heating Tertiary,2010,4589,3.2174801090725826e-05,2010/07/11 04:00:00
ES51,Heating Tertiary,2010,4590,3.244870110001104e-05,2010/07/11 05:00:00
ES51,Heating Tertiary,2010,4591,3.1865001080223605e-05,2010/07/11 06:00:00
ES51,Heating Tertiary,2010,4592,3.0150701022108832e-05,2010/07/11 07:00:00
ES51,Heating Tertiary,2010,4593,2.7432500929961846e-05,2010/07/11 08:00:00
ES51,Heating Tertiary,2010,4594,2.4225200821234363e-05,2010/07/11 09:00:00
ES51,Heating Tertiary,2010,4595,2.1216700719246202e-05,2010/07/11 10:00:00
ES51,Heating Tertiary,2010,4596,1.8898300640652433e-05,2010/07/11 11:00:00
ES51,Heating Tertiary,2010,4597,1.7297800586395477e-05,2010/07/11 12:00:00
ES51,Heating Tertiary,2010,4598,1.6064200544576433e-05,2010/07/11 13:00:00
ES51,Heating Tertiary,2010,4599,1.5114100512368043e-05,2010/07/11 14:00:00
ES51,Heating Tertiary,2010,4600,1.458940049458071e-05,2010/07/11 15:00:00
ES51,Heating Tertiary,2010,4601,1.435580048666167e-05,2010/07/11 16:00:00
ES51,Heating Tertiary,2010,4602,1.4243300482847918e-05,2010/07/11 17:00:00
ES51,Heating Tertiary,2010,4603,1.4063200476742528e-05,2010/07/11 18:00:00
ES51,Heating Tertiary,2010,4604,1.4001100474637337e-05,2010/07/11 19:00:00
ES51,Heating Tertiary,2010,4605,1.4252200483149628e-05,2010/07/11 20:00:00
ES51,Heating Tertiary,2010,4606,1.5156000513788453e-05,2010/07/11 21:00:00
ES51,Heating Tertiary,2010,4607,1.7014000576774658e-05,2010/07/11 22:00:00
ES51,Heating Tertiary,2010,4608,1.9786100670748857e-05,2010/07/11 23:00:00
ES51,Heating Tertiary,2010,4609,2.2416800759929593e-05,2010/07/12 00:00:00
ES51,Heating Tertiary,2010,4610,2.5392200860795665e-05,2010/07/12 01:00:00
ES51,Heating Tertiary,2010,4611,2.7669000937979196e-05,2010/07/12 02:00:00
ES51,Heating Tertiary,2010,4612,2.903820098439508e-05,2010/07/12 03:00:00
ES51,Heating Tertiary,2010,4613,2.9748101008460694e-05,2010/07/12 04:00:00
ES51,Heating Tertiary,2010,4614,3.0011601017393342e-05,2010/07/12 05:00:00
ES51,Heating Tertiary,2010,4615,2.9456600998578843e-05,2010/07/12 06:00:00
ES51,Heating Tertiary,2010,4616,2.7709500939352142e-05,2010/07/12 07:00:00
ES51,Heating Tertiary,2010,4617,2.4972300846561056e-05,2010/07/12 08:00:00
ES51,Heating Tertiary,2010,4618,2.1845300740555745e-05,2010/07/12 09:00:00
ES51,Heating Tertiary,2010,4619,1.9039500645439116e-05,2010/07/12 10:00:00
ES51,Heating Tertiary,2010,4620,1.6872500571977807e-05,2010/07/12 11:00:00
ES51,Heating Tertiary,2010,4621,1.5367500520958302e-05,2010/07/12 12:00:00
ES51,Heating Tertiary,2010,4622,1.4242100482807239e-05,2010/07/12 13:00:00
ES51,Heating Tertiary,2010,4623,1.3487000457209345e-05,2010/07/12 14:00:00
ES51,Heating Tertiary,2010,4624,1.3152100445856235e-05,2010/07/12 15:00:00
ES51,Heating Tertiary,2010,4625,1.3170300446473214e-05,2010/07/12 16:00:00
ES51,Heating Tertiary,2010,4626,1.3304600451025986e-05,2010/07/12 17:00:00
ES51,Heating Tertiary,2010,4627,1.3349600452551486e-05,2010/07/12 18:00:00
ES51,Heating Tertiary,2010,4628,1.3423300455049915e-05,2010/07/12 19:00:00
ES51,Heating Tertiary,2010,4629,1.3752200466199626e-05,2010/07/12 20:00:00
ES51,Heating Tertiary,2010,4630,1.470530049850972e-05,2010/07/12 21:00:00
ES51,Heating Tertiary,2010,4631,1.6552100561116244e-05,2010/07/12 22:00:00
ES51,Heating Tertiary,2010,4632,1.9257400652825927e-05,2010/07/12 23:00:00
ES51,Heating Tertiary,2010,4633,2.2416800759929593e-05,2010/07/13 00:00:00
ES51,Heating Tertiary,2010,4634,2.5392200860795665e-05,2010/07/13 01:00:00
ES51,Heating Tertiary,2010,4635,2.7669000937979196e-05,2010/07/13 02:00:00
ES51,Heating Tertiary,2010,4636,2.903820098439508e-05,2010/07/13 03:00:00
ES51,Heating Tertiary,2010,4637,2.9748101008460694e-05,2010/07/13 04:00:00
ES51,Heating Tertiary,2010,4638,3.0011601017393342e-05,2010/07/13 05:00:00
ES51,Heating Tertiary,2010,4639,2.9456600998578843e-05,2010/07/13 06:00:00
ES51,Heating Tertiary,2010,4640,2.7709500939352142e-05,2010/07/13 07:00:00
ES51,Heating Tertiary,2010,4641,2.4972300846561056e-05,2010/07/13 08:00:00
ES51,Heating Tertiary,2010,4642,2.1845300740555745e-05,2010/07/13 09:00:00
ES51,Heating Tertiary,2010,4643,1.9039500645439116e-05,2010/07/13 10:00:00
ES51,Heating Tertiary,2010,4644,1.6872500571977807e-05,2010/07/13 11:00:00
ES51,Heating Tertiary,2010,4645,1.5367500520958302e-05,2010/07/13 12:00:00
ES51,Heating Tertiary,2010,4646,1.4242100482807239e-05,2010/07/13 13:00:00
ES51,Heating Tertiary,2010,4647,1.3487000457209345e-05,2010/07/13 14:00:00
ES51,Heating Tertiary,2010,4648,1.3152100445856235e-05,2010/07/13 15:00:00
ES51,Heating Tertiary,2010,4649,1.3170300446473214e-05,2010/07/13 16:00:00
ES51,Heating Tertiary,2010,4650,1.3304600451025986e-05,2010/07/13 17:00:00
ES51,Heating Tertiary,2010,4651,1.3349600452551486e-05,2010/07/13 18:00:00
ES51,Heating Tertiary,2010,4652,1.3423300455049915e-05,2010/07/13 19:00:00
ES51,Heating Tertiary,2010,4653,1.3752200466199626e-05,2010/07/13 20:00:00
ES51,Heating Tertiary,2010,4654,1.470530049850972e-05,2010/07/13 21:00:00
ES51,Heating Tertiary,2010,4655,1.6552100561116244e-05,2010/07/13 22:00:00
ES51,Heating Tertiary,2010,4656,1.9257400652825927e-05,2010/07/13 23:00:00
ES51,Heating Tertiary,2010,4657,2.2416800759929593e-05,2010/07/14 00:00:00
ES51,Heating Tertiary,2010,4658,2.5392200860795665e-05,2010/07/14 01:00:00
ES51,Heating Tertiary,2010,4659,2.7669000937979196e-05,2010/07/14 02:00:00
ES51,Heating Tertiary,2010,4660,2.903820098439508e-05,2010/07/14 03:00:00
ES51,Heating Tertiary,2010,4661,2.9748101008460694e-05,2010/07/14 04:00:00
ES51,Heating Tertiary,2010,4662,3.0011601017393342e-05,2010/07/14 05:00:00
ES51,Heating Tertiary,2010,4663,2.9456600998578843e-05,2010/07/14 06:00:00
ES51,Heating Tertiary,2010,4664,2.7709500939352142e-05,2010/07/14 07:00:00
ES51,Heating Tertiary,2010,4665,2.4972300846561056e-05,2010/07/14 08:00:00
ES51,Heating Tertiary,2010,4666,2.1845300740555745e-05,2010/07/14 09:00:00
ES51,Heating Tertiary,2010,4667,1.9039500645439116e-05,2010/07/14 10:00:00
ES51,Heating Tertiary,2010,4668,1.6872500571977807e-05,2010/07/14 11:00:00
ES51,Heating Tertiary,2010,4669,1.5367500520958302e-05,2010/07/14 12:00:00
ES51,Heating Tertiary,2010,4670,1.4242100482807239e-05,2010/07/14 13:00:00
ES51,Heating Tertiary,2010,4671,1.3487000457209345e-05,2010/07/14 14:00:00
ES51,Heating Tertiary,2010,4672,1.3152100445856235e-05,2010/07/14 15:00:00
ES51,Heating Tertiary,2010,4673,1.3170300446473214e-05,2010/07/14 16:00:00
ES51,Heating Tertiary,2010,4674,1.3304600451025986e-05,2010/07/14 17:00:00
ES51,Heating Tertiary,2010,4675,1.3349600452551486e-05,2010/07/14 18:00:00
ES51,Heating Tertiary,2010,4676,1.3423300455049915e-05,2010/07/14 19:00:00
ES51,Heating Tertiary,2010,4677,1.3752200466199626e-05,2010/07/14 20:00:00
ES51,Heating Tertiary,2010,4678,1.470530049850972e-05,2010/07/14 21:00:00
ES51,Heating Tertiary,2010,4679,1.6552100561116244e-05,2010/07/14 22:00:00
ES51,Heating Tertiary,2010,4680,1.9257400652825927e-05,2010/07/14 23:00:00
ES51,Heating Tertiary,2010,4681,2.2416800759929593e-05,2010/07/15 00:00:00
ES51,Heating Tertiary,2010,4682,2.5392200860795665e-05,2010/07/15 01:00:00
ES51,Heating Tertiary,2010,4683,2.7669000937979196e-05,2010/07/15 02:00:00
ES51,Heating Tertiary,2010,4684,2.903820098439508e-05,2010/07/15 03:00:00
ES51,Heating Tertiary,2010,4685,2.9748101008460694e-05,2010/07/15 04:00:00
ES51,Heating Tertiary,2010,4686,3.0011601017393342e-05,2010/07/15 05:00:00
ES51,Heating Tertiary,2010,4687,2.9456600998578843e-05,2010/07/15 06:00:00
ES51,Heating Tertiary,2010,4688,2.7709500939352142e-05,2010/07/15 07:00:00
ES51,Heating Tertiary,2010,4689,2.4972300846561056e-05,2010/07/15 08:00:00
ES51,Heating Tertiary,2010,4690,2.1845300740555745e-05,2010/07/15 09:00:00
ES51,Heating Tertiary,2010,4691,1.9039500645439116e-05,2010/07/15 10:00:00
ES51,Heating Tertiary,2010,4692,1.6872500571977807e-05,2010/07/15 11:00:00
ES51,Heating Tertiary,2010,4693,1.5367500520958302e-05,2010/07/15 12:00:00
ES51,Heating Tertiary,2010,4694,1.4242100482807239e-05,2010/07/15 13:00:00
ES51,Heating Tertiary,2010,4695,1.3487000457209345e-05,2010/07/15 14:00:00
ES51,Heating Tertiary,2010,4696,1.3152100445856235e-05,2010/07/15 15:00:00
ES51,Heating Tertiary,2010,4697,1.3170300446473214e-05,2010/07/15 16:00:00
ES51,Heating Tertiary,2010,4698,1.3304600451025986e-05,2010/07/15 17:00:00
ES51,Heating Tertiary,2010,4699,1.3349600452551486e-05,2010/07/15 18:00:00
ES51,Heating Tertiary,2010,4700,1.3423300455049915e-05,2010/07/15 19:00:00
ES51,Heating Tertiary,2010,4701,1.3752200466199626e-05,2010/07/15 20:00:00
ES51,Heating Tertiary,2010,4702,1.470530049850972e-05,2010/07/15 21:00:00
ES51,Heating Tertiary,2010,4703,1.6552100561116244e-05,2010/07/15 22:00:00
ES51,Heating Tertiary,2010,4704,1.9257400652825927e-05,2010/07/15 23:00:00
ES51,Heating Tertiary,2010,4705,2.2416800759929593e-05,2010/07/16 00:00:00
ES51,Heating Tertiary,2010,4706,2.5392200860795665e-05,2010/07/16 01:00:00
ES51,Heating Tertiary,2010,4707,2.7669000937979196e-05,2010/07/16 02:00:00
ES51,Heating Tertiary,2010,4708,2.903820098439508e-05,2010/07/16 03:00:00
ES51,Heating Tertiary,2010,4709,2.9748101008460694e-05,2010/07/16 04:00:00
ES51,Heating Tertiary,2010,4710,3.0011601017393342e-05,2010/07/16 05:00:00
ES51,Heating Tertiary,2010,4711,2.9456600998578843e-05,2010/07/16 06:00:00
ES51,Heating Tertiary,2010,4712,2.7709500939352142e-05,2010/07/16 07:00:00
ES51,Heating Tertiary,2010,4713,2.4972300846561056e-05,2010/07/16 08:00:00
ES51,Heating Tertiary,2010,4714,2.1845300740555745e-05,2010/07/16 09:00:00
ES51,Heating Tertiary,2010,4715,1.9039500645439116e-05,2010/07/16 10:00:00
ES51,Heating Tertiary,2010,4716,1.6872500571977807e-05,2010/07/16 11:00:00
ES51,Heating Tertiary,2010,4717,1.5367500520958302e-05,2010/07/16 12:00:00
ES51,Heating Tertiary,2010,4718,1.4242100482807239e-05,2010/07/16 13:00:00
ES51,Heating Tertiary,2010,4719,1.3487000457209345e-05,2010/07/16 14:00:00
ES51,Heating Tertiary,2010,4720,1.3152100445856235e-05,2010/07/16 15:00:00
ES51,Heating Tertiary,2010,4721,1.3170300446473214e-05,2010/07/16 16:00:00
ES51,Heating Tertiary,2010,4722,1.3304600451025986e-05,2010/07/16 17:00:00
ES51,Heating Tertiary,2010,4723,1.3349600452551486e-05,2010/07/16 18:00:00
ES51,Heating Tertiary,2010,4724,1.3423300455049915e-05,2010/07/16 19:00:00
ES51,Heating Tertiary,2010,4725,1.3752200466199626e-05,2010/07/16 20:00:00
ES51,Heating Tertiary,2010,4726,1.470530049850972e-05,2010/07/16 21:00:00
ES51,Heating Tertiary,2010,4727,1.6552100561116244e-05,2010/07/16 22:00:00
ES51,Heating Tertiary,2010,4728,1.9257400652825927e-05,2010/07/16 23:00:00
ES51,Heating Tertiary,2010,4729,2.349440079646024e-05,2010/07/17 00:00:00
ES51,Heating Tertiary,2010,4730,2.675220090689967e-05,2010/07/17 01:00:00
ES51,Heating Tertiary,2010,4731,2.9133300987618967e-05,2010/07/17 02:00:00
ES51,Heating Tertiary,2010,4732,3.0497701033872133e-05,2010/07/17 03:00:00
ES51,Heating Tertiary,2010,4733,3.1322901061846416e-05,2010/07/17 04:00:00
ES51,Heating Tertiary,2010,4734,3.1755301076504775e-05,2010/07/17 05:00:00
ES51,Heating Tertiary,2010,4735,3.1304101061209095e-05,2010/07/17 06:00:00
ES51,Heating Tertiary,2010,4736,2.960920100375198e-05,2010/07/17 07:00:00
ES51,Heating Tertiary,2010,4737,2.6869900910889702e-05,2010/07/17 08:00:00
ES51,Heating Tertiary,2010,4738,2.364430080154185e-05,2010/07/17 09:00:00
ES51,Heating Tertiary,2010,4739,2.05457006964993e-05,2010/07/17 10:00:00
ES51,Heating Tertiary,2010,4740,1.806450061238661e-05,2010/07/17 11:00:00
ES51,Heating Tertiary,2010,4741,1.6290400552244617e-05,2010/07/17 12:00:00
ES51,Heating Tertiary,2010,4742,1.4988300508103422e-05,2010/07/17 13:00:00
ES51,Heating Tertiary,2010,4743,1.4071100477010338e-05,2010/07/17 14:00:00
ES51,Heating Tertiary,2010,4744,1.3667400463324907e-05,2010/07/17 15:00:00
ES51,Heating Tertiary,2010,4745,1.3719600465094487e-05,2010/07/17 16:00:00
ES51,Heating Tertiary,2010,4746,1.3903400471325307e-05,2010/07/17 17:00:00
ES51,Heating Tertiary,2010,4747,1.3961400473291507e-05,2010/07/17 18:00:00
ES51,Heating Tertiary,2010,4748,1.3949200472877927e-05,2010/07/17 19:00:00
ES51,Heating Tertiary,2010,4749,1.4126000478871447e-05,2010/07/17 20:00:00
ES51,Heating Tertiary,2010,4750,1.4956600507028791e-05,2010/07/17 21:00:00
ES51,Heating Tertiary,2010,4751,1.6886200572442238e-05,2010/07/17 22:00:00
ES51,Heating Tertiary,2010,4752,1.9888200674210047e-05,2010/07/17 23:00:00
ES51,Heating Tertiary,2010,4753,2.3236800787727598e-05,2010/07/18 00:00:00
ES51,Heating Tertiary,2010,4754,2.6768400907448852e-05,2010/07/18 01:00:00
ES51,Heating Tertiary,2010,4755,2.9619901004114713e-05,2010/07/18 02:00:00
ES51,Heating Tertiary,2010,4756,3.1376001063646505e-05,2010/07/18 03:00:00
ES51,Heating Tertiary,2010,4757,3.2174801090725826e-05,2010/07/18 04:00:00
ES51,Heating Tertiary,2010,4758,3.244870110001104e-05,2010/07/18 05:00:00
ES51,Heating Tertiary,2010,4759,3.1865001080223605e-05,2010/07/18 06:00:00
ES51,Heating Tertiary,2010,4760,3.0150701022108832e-05,2010/07/18 07:00:00
ES51,Heating Tertiary,2010,4761,2.7432500929961846e-05,2010/07/18 08:00:00
ES51,Heating Tertiary,2010,4762,2.4225200821234363e-05,2010/07/18 09:00:00
ES51,Heating Tertiary,2010,4763,2.1216700719246202e-05,2010/07/18 10:00:00
ES51,Heating Tertiary,2010,4764,1.8898300640652433e-05,2010/07/18 11:00:00
ES51,Heating Tertiary,2010,4765,1.7297800586395477e-05,2010/07/18 12:00:00
ES51,Heating Tertiary,2010,4766,1.6064200544576433e-05,2010/07/18 13:00:00
ES51,Heating Tertiary,2010,4767,1.5114100512368043e-05,2010/07/18 14:00:00
ES51,Heating Tertiary,2010,4768,1.458940049458071e-05,2010/07/18 15:00:00
ES51,Heating Tertiary,2010,4769,1.435580048666167e-05,2010/07/18 16:00:00
ES51,Heating Tertiary,2010,4770,1.4243300482847918e-05,2010/07/18 17:00:00
ES51,Heating Tertiary,2010,4771,1.4063200476742528e-05,2010/07/18 18:00:00
ES51,Heating Tertiary,2010,4772,1.4001100474637337e-05,2010/07/18 19:00:00
ES51,Heating Tertiary,2010,4773,1.4252200483149628e-05,2010/07/18 20:00:00
ES51,Heating Tertiary,2010,4774,1.5156000513788453e-05,2010/07/18 21:00:00
ES51,Heating Tertiary,2010,4775,1.7014000576774658e-05,2010/07/18 22:00:00
ES51,Heating Tertiary,2010,4776,1.9786100670748857e-05,2010/07/18 23:00:00
ES51,Heating Tertiary,2010,4777,2.2416800759929593e-05,2010/07/19 00:00:00
ES51,Heating Tertiary,2010,4778,2.5392200860795665e-05,2010/07/19 01:00:00
ES51,Heating Tertiary,2010,4779,2.7669000937979196e-05,2010/07/19 02:00:00
ES51,Heating Tertiary,2010,4780,2.903820098439508e-05,2010/07/19 03:00:00
ES51,Heating Tertiary,2010,4781,2.9748101008460694e-05,2010/07/19 04:00:00
ES51,Heating Tertiary,2010,4782,3.0011601017393342e-05,2010/07/19 05:00:00
ES51,Heating Tertiary,2010,4783,2.9456600998578843e-05,2010/07/19 06:00:00
ES51,Heating Tertiary,2010,4784,2.7709500939352142e-05,2010/07/19 07:00:00
ES51,Heating Tertiary,2010,4785,2.4972300846561056e-05,2010/07/19 08:00:00
ES51,Heating Tertiary,2010,4786,2.1845300740555745e-05,2010/07/19 09:00:00
ES51,Heating Tertiary,2010,4787,1.9039500645439116e-05,2010/07/19 10:00:00
ES51,Heating Tertiary,2010,4788,1.6872500571977807e-05,2010/07/19 11:00:00
ES51,Heating Tertiary,2010,4789,1.5367500520958302e-05,2010/07/19 12:00:00
ES51,Heating Tertiary,2010,4790,1.4242100482807239e-05,2010/07/19 13:00:00
ES51,Heating Tertiary,2010,4791,1.3487000457209345e-05,2010/07/19 14:00:00
ES51,Heating Tertiary,2010,4792,1.3152100445856235e-05,2010/07/19 15:00:00
ES51,Heating Tertiary,2010,4793,1.3170300446473214e-05,2010/07/19 16:00:00
ES51,Heating Tertiary,2010,4794,1.3304600451025986e-05,2010/07/19 17:00:00
ES51,Heating Tertiary,2010,4795,1.3349600452551486e-05,2010/07/19 18:00:00
ES51,Heating Tertiary,2010,4796,1.3423300455049915e-05,2010/07/19 19:00:00
ES51,Heating Tertiary,2010,4797,1.3752200466199626e-05,2010/07/19 20:00:00
ES51,Heating Tertiary,2010,4798,1.470530049850972e-05,2010/07/19 21:00:00
ES51,Heating Tertiary,2010,4799,1.6552100561116244e-05,2010/07/19 22:00:00
ES51,Heating Tertiary,2010,4800,1.9257400652825927e-05,2010/07/19 23:00:00
ES51,Heating Tertiary,2010,4801,2.2416800759929593e-05,2010/07/20 00:00:00
ES51,Heating Tertiary,2010,4802,2.5392200860795665e-05,2010/07/20 01:00:00
ES51,Heating Tertiary,2010,4803,2.7669000937979196e-05,2010/07/20 02:00:00
ES51,Heating Tertiary,2010,4804,2.903820098439508e-05,2010/07/20 03:00:00
ES51,Heating Tertiary,2010,4805,2.9748101008460694e-05,2010/07/20 04:00:00
ES51,Heating Tertiary,2010,4806,3.0011601017393342e-05,2010/07/20 05:00:00
ES51,Heating Tertiary,2010,4807,2.9456600998578843e-05,2010/07/20 06:00:00
ES51,Heating Tertiary,2010,4808,2.7709500939352142e-05,2010/07/20 07:00:00
ES51,Heating Tertiary,2010,4809,2.4972300846561056e-05,2010/07/20 08:00:00
ES51,Heating Tertiary,2010,4810,2.1845300740555745e-05,2010/07/20 09:00:00
ES51,Heating Tertiary,2010,4811,1.9039500645439116e-05,2010/07/20 10:00:00
ES51,Heating Tertiary,2010,4812,1.6872500571977807e-05,2010/07/20 11:00:00
ES51,Heating Tertiary,2010,4813,1.5367500520958302e-05,2010/07/20 12:00:00
ES51,Heating Tertiary,2010,4814,1.4242100482807239e-05,2010/07/20 13:00:00
ES51,Heating Tertiary,2010,4815,1.3487000457209345e-05,2010/07/20 14:00:00
ES51,Heating Tertiary,2010,4816,1.3152100445856235e-05,2010/07/20 15:00:00
ES51,Heating Tertiary,2010,4817,1.3170300446473214e-05,2010/07/20 16:00:00
ES51,Heating Tertiary,2010,4818,1.3304600451025986e-05,2010/07/20 17:00:00
ES51,Heating Tertiary,2010,4819,1.3349600452551486e-05,2010/07/20 18:00:00
ES51,Heating Tertiary,2010,4820,1.3423300455049915e-05,2010/07/20 19:00:00
ES51,Heating Tertiary,2010,4821,1.3752200466199626e-05,2010/07/20 20:00:00
ES51,Heating Tertiary,2010,4822,1.470530049850972e-05,2010/07/20 21:00:00
ES51,Heating Tertiary,2010,4823,1.6552100561116244e-05,2010/07/20 22:00:00
ES51,Heating Tertiary,2010,4824,1.9257400652825927e-05,2010/07/20 23:00:00
ES51,Heating Tertiary,2010,4825,2.2416800759929593e-05,2010/07/21 00:00:00
ES51,Heating Tertiary,2010,4826,2.5392200860795665e-05,2010/07/21 01:00:00
ES51,Heating Tertiary,2010,4827,2.7669000937979196e-05,2010/07/21 02:00:00
ES51,Heating Tertiary,2010,4828,2.903820098439508e-05,2010/07/21 03:00:00
ES51,Heating Tertiary,2010,4829,2.9748101008460694e-05,2010/07/21 04:00:00
ES51,Heating Tertiary,2010,4830,3.0011601017393342e-05,2010/07/21 05:00:00
ES51,Heating Tertiary,2010,4831,2.9456600998578843e-05,2010/07/21 06:00:00
ES51,Heating Tertiary,2010,4832,2.7709500939352142e-05,2010/07/21 07:00:00
ES51,Heating Tertiary,2010,4833,2.4972300846561056e-05,2010/07/21 08:00:00
ES51,Heating Tertiary,2010,4834,2.1845300740555745e-05,2010/07/21 09:00:00
ES51,Heating Tertiary,2010,4835,1.9039500645439116e-05,2010/07/21 10:00:00
ES51,Heating Tertiary,2010,4836,1.6872500571977807e-05,2010/07/21 11:00:00
ES51,Heating Tertiary,2010,4837,1.5367500520958302e-05,2010/07/21 12:00:00
ES51,Heating Tertiary,2010,4838,1.4242100482807239e-05,2010/07/21 13:00:00
ES51,Heating Tertiary,2010,4839,1.3487000457209345e-05,2010/07/21 14:00:00
ES51,Heating Tertiary,2010,4840,1.3152100445856235e-05,2010/07/21 15:00:00
ES51,Heating Tertiary,2010,4841,1.3170300446473214e-05,2010/07/21 16:00:00
ES51,Heating Tertiary,2010,4842,1.3304600451025986e-05,2010/07/21 17:00:00
ES51,Heating Tertiary,2010,4843,1.3349600452551486e-05,2010/07/21 18:00:00
ES51,Heating Tertiary,2010,4844,1.3423300455049915e-05,2010/07/21 19:00:00
ES51,Heating Tertiary,2010,4845,1.3752200466199626e-05,2010/07/21 20:00:00
ES51,Heating Tertiary,2010,4846,1.470530049850972e-05,2010/07/21 21:00:00
ES51,Heating Tertiary,2010,4847,1.6552100561116244e-05,2010/07/21 22:00:00
ES51,Heating Tertiary,2010,4848,1.9257400652825927e-05,2010/07/21 23:00:00
ES51,Heating Tertiary,2010,4849,2.2416800759929593e-05,2010/07/22 00:00:00
ES51,Heating Tertiary,2010,4850,2.5392200860795665e-05,2010/07/22 01:00:00
ES51,Heating Tertiary,2010,4851,2.7669000937979196e-05,2010/07/22 02:00:00
ES51,Heating Tertiary,2010,4852,2.903820098439508e-05,2010/07/22 03:00:00
ES51,Heating Tertiary,2010,4853,2.9748101008460694e-05,2010/07/22 04:00:00
ES51,Heating Tertiary,2010,4854,3.0011601017393342e-05,2010/07/22 05:00:00
ES51,Heating Tertiary,2010,4855,2.9456600998578843e-05,2010/07/22 06:00:00
ES51,Heating Tertiary,2010,4856,2.7709500939352142e-05,2010/07/22 07:00:00
ES51,Heating Tertiary,2010,4857,2.4972300846561056e-05,2010/07/22 08:00:00
ES51,Heating Tertiary,2010,4858,2.1845300740555745e-05,2010/07/22 09:00:00
ES51,Heating Tertiary,2010,4859,1.9039500645439116e-05,2010/07/22 10:00:00
ES51,Heating Tertiary,2010,4860,1.6872500571977807e-05,2010/07/22 11:00:00
ES51,Heating Tertiary,2010,4861,1.5367500520958302e-05,2010/07/22 12:00:00
ES51,Heating Tertiary,2010,4862,1.4242100482807239e-05,2010/07/22 13:00:00
ES51,Heating Tertiary,2010,4863,1.3487000457209345e-05,2010/07/22 14:00:00
ES51,Heating Tertiary,2010,4864,1.3152100445856235e-05,2010/07/22 15:00:00
ES51,Heating Tertiary,2010,4865,1.3170300446473214e-05,2010/07/22 16:00:00
ES51,Heating Tertiary,2010,4866,1.3304600451025986e-05,2010/07/22 17:00:00
ES51,Heating Tertiary,2010,4867,1.3349600452551486e-05,2010/07/22 18:00:00
ES51,Heating Tertiary,2010,4868,1.3423300455049915e-05,2010/07/22 19:00:00
ES51,Heating Tertiary,2010,4869,1.3752200466199626e-05,2010/07/22 20:00:00
ES51,Heating Tertiary,2010,4870,1.470530049850972e-05,2010/07/22 21:00:00
ES51,Heating Tertiary,2010,4871,1.6552100561116244e-05,2010/07/22 22:00:00
ES51,Heating Tertiary,2010,4872,1.9257400652825927e-05,2010/07/22 23:00:00
ES51,Heating Tertiary,2010,4873,2.2416800759929593e-05,2010/07/23 00:00:00
ES51,Heating Tertiary,2010,4874,2.5392200860795665e-05,2010/07/23 01:00:00
ES51,Heating Tertiary,2010,4875,2.7669000937979196e-05,2010/07/23 02:00:00
ES51,Heating Tertiary,2010,4876,2.903820098439508e-05,2010/07/23 03:00:00
ES51,Heating Tertiary,2010,4877,2.9748101008460694e-05,2010/07/23 04:00:00
ES51,Heating Tertiary,2010,4878,3.0011601017393342e-05,2010/07/23 05:00:00
ES51,Heating Tertiary,2010,4879,2.9456600998578843e-05,2010/07/23 06:00:00
ES51,Heating Tertiary,2010,4880,2.7709500939352142e-05,2010/07/23 07:00:00
ES51,Heating Tertiary,2010,4881,2.4972300846561056e-05,2010/07/23 08:00:00
ES51,Heating Tertiary,2010,4882,2.1845300740555745e-05,2010/07/23 09:00:00
ES51,Heating Tertiary,2010,4883,1.9039500645439116e-05,2010/07/23 10:00:00
ES51,Heating Tertiary,2010,4884,1.6872500571977807e-05,2010/07/23 11:00:00
ES51,Heating Tertiary,2010,4885,1.5367500520958302e-05,2010/07/23 12:00:00
ES51,Heating Tertiary,2010,4886,1.4242100482807239e-05,2010/07/23 13:00:00
ES51,Heating Tertiary,2010,4887,1.3487000457209345e-05,2010/07/23 14:00:00
ES51,Heating Tertiary,2010,4888,1.3152100445856235e-05,2010/07/23 15:00:00
ES51,Heating Tertiary,2010,4889,1.3170300446473214e-05,2010/07/23 16:00:00
ES51,Heating Tertiary,2010,4890,1.3304600451025986e-05,2010/07/23 17:00:00
ES51,Heating Tertiary,2010,4891,1.3349600452551486e-05,2010/07/23 18:00:00
ES51,Heating Tertiary,2010,4892,1.3423300455049915e-05,2010/07/23 19:00:00
ES51,Heating Tertiary,2010,4893,1.3752200466199626e-05,2010/07/23 20:00:00
ES51,Heating Tertiary,2010,4894,1.470530049850972e-05,2010/07/23 21:00:00
ES51,Heating Tertiary,2010,4895,1.6552100561116244e-05,2010/07/23 22:00:00
ES51,Heating Tertiary,2010,4896,1.9257400652825927e-05,2010/07/23 23:00:00
ES51,Heating Tertiary,2010,4897,2.349440079646024e-05,2010/07/24 00:00:00
ES51,Heating Tertiary,2010,4898,2.675220090689967e-05,2010/07/24 01:00:00
ES51,Heating Tertiary,2010,4899,2.9133300987618967e-05,2010/07/24 02:00:00
ES51,Heating Tertiary,2010,4900,3.0497701033872133e-05,2010/07/24 03:00:00
ES51,Heating Tertiary,2010,4901,3.1322901061846416e-05,2010/07/24 04:00:00
ES51,Heating Tertiary,2010,4902,3.1755301076504775e-05,2010/07/24 05:00:00
ES51,Heating Tertiary,2010,4903,3.1304101061209095e-05,2010/07/24 06:00:00
ES51,Heating Tertiary,2010,4904,2.960920100375198e-05,2010/07/24 07:00:00
ES51,Heating Tertiary,2010,4905,2.6869900910889702e-05,2010/07/24 08:00:00
ES51,Heating Tertiary,2010,4906,2.364430080154185e-05,2010/07/24 09:00:00
ES51,Heating Tertiary,2010,4907,2.05457006964993e-05,2010/07/24 10:00:00
ES51,Heating Tertiary,2010,4908,1.806450061238661e-05,2010/07/24 11:00:00
ES51,Heating Tertiary,2010,4909,1.6290400552244617e-05,2010/07/24 12:00:00
ES51,Heating Tertiary,2010,4910,1.4988300508103422e-05,2010/07/24 13:00:00
ES51,Heating Tertiary,2010,4911,1.4071100477010338e-05,2010/07/24 14:00:00
ES51,Heating Tertiary,2010,4912,1.3667400463324907e-05,2010/07/24 15:00:00
ES51,Heating Tertiary,2010,4913,1.3719600465094487e-05,2010/07/24 16:00:00
ES51,Heating Tertiary,2010,4914,1.3903400471325307e-05,2010/07/24 17:00:00
ES51,Heating Tertiary,2010,4915,1.3961400473291507e-05,2010/07/24 18:00:00
ES51,Heating Tertiary,2010,4916,1.3949200472877927e-05,2010/07/24 19:00:00
ES51,Heating Tertiary,2010,4917,1.4126000478871447e-05,2010/07/24 20:00:00
ES51,Heating Tertiary,2010,4918,1.4956600507028791e-05,2010/07/24 21:00:00
ES51,Heating Tertiary,2010,4919,1.6886200572442238e-05,2010/07/24 22:00:00
ES51,Heating Tertiary,2010,4920,1.9888200674210047e-05,2010/07/24 23:00:00
ES51,Heating Tertiary,2010,4921,2.3236800787727598e-05,2010/07/25 00:00:00
ES51,Heating Tertiary,2010,4922,2.6768400907448852e-05,2010/07/25 01:00:00
ES51,Heating Tertiary,2010,4923,2.9619901004114713e-05,2010/07/25 02:00:00
ES51,Heating Tertiary,2010,4924,3.1376001063646505e-05,2010/07/25 03:00:00
ES51,Heating Tertiary,2010,4925,3.2174801090725826e-05,2010/07/25 04:00:00
ES51,Heating Tertiary,2010,4926,3.244870110001104e-05,2010/07/25 05:00:00
ES51,Heating Tertiary,2010,4927,3.1865001080223605e-05,2010/07/25 06:00:00
ES51,Heating Tertiary,2010,4928,3.0150701022108832e-05,2010/07/25 07:00:00
ES51,Heating Tertiary,2010,4929,2.7432500929961846e-05,2010/07/25 08:00:00
ES51,Heating Tertiary,2010,4930,2.4225200821234363e-05,2010/07/25 09:00:00
ES51,Heating Tertiary,2010,4931,2.1216700719246202e-05,2010/07/25 10:00:00
ES51,Heating Tertiary,2010,4932,1.8898300640652433e-05,2010/07/25 11:00:00
ES51,Heating Tertiary,2010,4933,1.7297800586395477e-05,2010/07/25 12:00:00
ES51,Heating Tertiary,2010,4934,1.6064200544576433e-05,2010/07/25 13:00:00
ES51,Heating Tertiary,2010,4935,1.5114100512368043e-05,2010/07/25 14:00:00
ES51,Heating Tertiary,2010,4936,1.458940049458071e-05,2010/07/25 15:00:00
ES51,Heating Tertiary,2010,4937,1.435580048666167e-05,2010/07/25 16:00:00
ES51,Heating Tertiary,2010,4938,1.4243300482847918e-05,2010/07/25 17:00:00
ES51,Heating Tertiary,2010,4939,1.4063200476742528e-05,2010/07/25 18:00:00
ES51,Heating Tertiary,2010,4940,1.4001100474637337e-05,2010/07/25 19:00:00
ES51,Heating Tertiary,2010,4941,1.4252200483149628e-05,2010/07/25 20:00:00
ES51,Heating Tertiary,2010,4942,1.5156000513788453e-05,2010/07/25 21:00:00
ES51,Heating Tertiary,2010,4943,1.7014000576774658e-05,2010/07/25 22:00:00
ES51,Heating Tertiary,2010,4944,1.9786100670748857e-05,2010/07/25 23:00:00
ES51,Heating Tertiary,2010,4945,2.2416800759929593e-05,2010/07/26 00:00:00
ES51,Heating Tertiary,2010,4946,2.5392200860795665e-05,2010/07/26 01:00:00
ES51,Heating Tertiary,2010,4947,2.7669000937979196e-05,2010/07/26 02:00:00
ES51,Heating Tertiary,2010,4948,2.903820098439508e-05,2010/07/26 03:00:00
ES51,Heating Tertiary,2010,4949,2.9748101008460694e-05,2010/07/26 04:00:00
ES51,Heating Tertiary,2010,4950,3.0011601017393342e-05,2010/07/26 05:00:00
ES51,Heating Tertiary,2010,4951,2.9456600998578843e-05,2010/07/26 06:00:00
ES51,Heating Tertiary,2010,4952,2.7709500939352142e-05,2010/07/26 07:00:00
ES51,Heating Tertiary,2010,4953,2.4972300846561056e-05,2010/07/26 08:00:00
ES51,Heating Tertiary,2010,4954,2.1845300740555745e-05,2010/07/26 09:00:00
ES51,Heating Tertiary,2010,4955,1.9039500645439116e-05,2010/07/26 10:00:00
ES51,Heating Tertiary,2010,4956,1.6872500571977807e-05,2010/07/26 11:00:00
ES51,Heating Tertiary,2010,4957,1.5367500520958302e-05,2010/07/26 12:00:00
ES51,Heating Tertiary,2010,4958,1.4242100482807239e-05,2010/07/26 13:00:00
ES51,Heating Tertiary,2010,4959,1.3487000457209345e-05,2010/07/26 14:00:00
ES51,Heating Tertiary,2010,4960,1.3152100445856235e-05,2010/07/26 15:00:00
ES51,Heating Tertiary,2010,4961,1.3170300446473214e-05,2010/07/26 16:00:00
ES51,Heating Tertiary,2010,4962,1.3304600451025986e-05,2010/07/26 17:00:00
ES51,Heating Tertiary,2010,4963,1.3349600452551486e-05,2010/07/26 18:00:00
ES51,Heating Tertiary,2010,4964,1.3423300455049915e-05,2010/07/26 19:00:00
ES51,Heating Tertiary,2010,4965,1.3752200466199626e-05,2010/07/26 20:00:00
ES51,Heating Tertiary,2010,4966,1.470530049850972e-05,2010/07/26 21:00:00
ES51,Heating Tertiary,2010,4967,1.6552100561116244e-05,2010/07/26 22:00:00
ES51,Heating Tertiary,2010,4968,1.9257400652825927e-05,2010/07/26 23:00:00
ES51,Heating Tertiary,2010,4969,2.2416800759929593e-05,2010/07/27 00:00:00
ES51,Heating Tertiary,2010,4970,2.5392200860795665e-05,2010/07/27 01:00:00
ES51,Heating Tertiary,2010,4971,2.7669000937979196e-05,2010/07/27 02:00:00
ES51,Heating Tertiary,2010,4972,2.903820098439508e-05,2010/07/27 03:00:00
ES51,Heating Tertiary,2010,4973,2.9748101008460694e-05,2010/07/27 04:00:00
ES51,Heating Tertiary,2010,4974,3.0011601017393342e-05,2010/07/27 05:00:00
ES51,Heating Tertiary,2010,4975,2.9456600998578843e-05,2010/07/27 06:00:00
ES51,Heating Tertiary,2010,4976,2.7709500939352142e-05,2010/07/27 07:00:00
ES51,Heating Tertiary,2010,4977,2.4972300846561056e-05,2010/07/27 08:00:00
ES51,Heating Tertiary,2010,4978,2.1845300740555745e-05,2010/07/27 09:00:00
ES51,Heating Tertiary,2010,4979,1.9039500645439116e-05,2010/07/27 10:00:00
ES51,Heating Tertiary,2010,4980,1.6872500571977807e-05,2010/07/27 11:00:00
ES51,Heating Tertiary,2010,4981,1.5367500520958302e-05,2010/07/27 12:00:00
ES51,Heating Tertiary,2010,4982,1.4242100482807239e-05,2010/07/27 13:00:00
ES51,Heating Tertiary,2010,4983,1.3487000457209345e-05,2010/07/27 14:00:00
ES51,Heating Tertiary,2010,4984,1.3152100445856235e-05,2010/07/27 15:00:00
ES51,Heating Tertiary,2010,4985,1.3170300446473214e-05,2010/07/27 16:00:00
ES51,Heating Tertiary,2010,4986,1.3304600451025986e-05,2010/07/27 17:00:00
ES51,Heating Tertiary,2010,4987,1.3349600452551486e-05,2010/07/27 18:00:00
ES51,Heating Tertiary,2010,4988,1.3423300455049915e-05,2010/07/27 19:00:00
ES51,Heating Tertiary,2010,4989,1.3752200466199626e-05,2010/07/27 20:00:00
ES51,Heating Tertiary,2010,4990,1.470530049850972e-05,2010/07/27 21:00:00
ES51,Heating Tertiary,2010,4991,1.6552100561116244e-05,2010/07/27 22:00:00
ES51,Heating Tertiary,2010,4992,1.9257400652825927e-05,2010/07/27 23:00:00
ES51,Heating Tertiary,2010,4993,2.2416800759929593e-05,2010/07/28 00:00:00
ES51,Heating Tertiary,2010,4994,2.5392200860795665e-05,2010/07/28 01:00:00
ES51,Heating Tertiary,2010,4995,2.7669000937979196e-05,2010/07/28 02:00:00
ES51,Heating Tertiary,2010,4996,2.903820098439508e-05,2010/07/28 03:00:00
ES51,Heating Tertiary,2010,4997,2.9748101008460694e-05,2010/07/28 04:00:00
ES51,Heating Tertiary,2010,4998,3.0011601017393342e-05,2010/07/28 05:00:00
ES51,Heating Tertiary,2010,4999,2.9456600998578843e-05,2010/07/28 06:00:00
ES51,Heating Tertiary,2010,5000,2.7709500939352142e-05,2010/07/28 07:00:00
ES51,Heating Tertiary,2010,5001,2.4972300846561056e-05,2010/07/28 08:00:00
ES51,Heating Tertiary,2010,5002,2.1845300740555745e-05,2010/07/28 09:00:00
ES51,Heating Tertiary,2010,5003,1.9039500645439116e-05,2010/07/28 10:00:00
ES51,Heating Tertiary,2010,5004,1.6872500571977807e-05,2010/07/28 11:00:00
ES51,Heating Tertiary,2010,5005,1.5367500520958302e-05,2010/07/28 12:00:00
ES51,Heating Tertiary,2010,5006,1.4242100482807239e-05,2010/07/28 13:00:00
ES51,Heating Tertiary,2010,5007,1.3487000457209345e-05,2010/07/28 14:00:00
ES51,Heating Tertiary,2010,5008,1.3152100445856235e-05,2010/07/28 15:00:00
ES51,Heating Tertiary,2010,5009,1.3170300446473214e-05,2010/07/28 16:00:00
ES51,Heating Tertiary,2010,5010,1.3304600451025986e-05,2010/07/28 17:00:00
ES51,Heating Tertiary,2010,5011,1.3349600452551486e-05,2010/07/28 18:00:00
ES51,Heating Tertiary,2010,5012,1.3423300455049915e-05,2010/07/28 19:00:00
ES51,Heating Tertiary,2010,5013,1.3752200466199626e-05,2010/07/28 20:00:00
ES51,Heating Tertiary,2010,5014,1.470530049850972e-05,2010/07/28 21:00:00
ES51,Heating Tertiary,2010,5015,1.6552100561116244e-05,2010/07/28 22:00:00
ES51,Heating Tertiary,2010,5016,1.9257400652825927e-05,2010/07/28 23:00:00
ES51,Heating Tertiary,2010,5017,2.2416800759929593e-05,2010/07/29 00:00:00
ES51,Heating Tertiary,2010,5018,2.5392200860795665e-05,2010/07/29 01:00:00
ES51,Heating Tertiary,2010,5019,2.7669000937979196e-05,2010/07/29 02:00:00
ES51,Heating Tertiary,2010,5020,2.903820098439508e-05,2010/07/29 03:00:00
ES51,Heating Tertiary,2010,5021,2.9748101008460694e-05,2010/07/29 04:00:00
ES51,Heating Tertiary,2010,5022,3.0011601017393342e-05,2010/07/29 05:00:00
ES51,Heating Tertiary,2010,5023,2.9456600998578843e-05,2010/07/29 06:00:00
ES51,Heating Tertiary,2010,5024,2.7709500939352142e-05,2010/07/29 07:00:00
ES51,Heating Tertiary,2010,5025,2.4972300846561056e-05,2010/07/29 08:00:00
ES51,Heating Tertiary,2010,5026,2.1845300740555745e-05,2010/07/29 09:00:00
ES51,Heating Tertiary,2010,5027,1.9039500645439116e-05,2010/07/29 10:00:00
ES51,Heating Tertiary,2010,5028,1.6872500571977807e-05,2010/07/29 11:00:00
ES51,Heating Tertiary,2010,5029,1.5367500520958302e-05,2010/07/29 12:00:00
ES51,Heating Tertiary,2010,5030,1.4242100482807239e-05,2010/07/29 13:00:00
ES51,Heating Tertiary,2010,5031,1.3487000457209345e-05,2010/07/29 14:00:00
ES51,Heating Tertiary,2010,5032,1.3152100445856235e-05,2010/07/29 15:00:00
ES51,Heating Tertiary,2010,5033,1.3170300446473214e-05,2010/07/29 16:00:00
ES51,Heating Tertiary,2010,5034,1.3304600451025986e-05,2010/07/29 17:00:00
ES51,Heating Tertiary,2010,5035,1.3349600452551486e-05,2010/07/29 18:00:00
ES51,Heating Tertiary,2010,5036,1.3423300455049915e-05,2010/07/29 19:00:00
ES51,Heating Tertiary,2010,5037,1.3752200466199626e-05,2010/07/29 20:00:00
ES51,Heating Tertiary,2010,5038,1.470530049850972e-05,2010/07/29 21:00:00
ES51,Heating Tertiary,2010,5039,1.6552100561116244e-05,2010/07/29 22:00:00
ES51,Heating Tertiary,2010,5040,1.9257400652825927e-05,2010/07/29 23:00:00
ES51,Heating Tertiary,2010,5041,2.2416800759929593e-05,2010/07/30 00:00:00
ES51,Heating Tertiary,2010,5042,2.5392200860795665e-05,2010/07/30 01:00:00
ES51,Heating Tertiary,2010,5043,2.7669000937979196e-05,2010/07/30 02:00:00
ES51,Heating Tertiary,2010,5044,2.903820098439508e-05,2010/07/30 03:00:00
ES51,Heating Tertiary,2010,5045,2.9748101008460694e-05,2010/07/30 04:00:00
ES51,Heating Tertiary,2010,5046,3.0011601017393342e-05,2010/07/30 05:00:00
ES51,Heating Tertiary,2010,5047,2.9456600998578843e-05,2010/07/30 06:00:00
ES51,Heating Tertiary,2010,5048,2.7709500939352142e-05,2010/07/30 07:00:00
ES51,Heating Tertiary,2010,5049,2.4972300846561056e-05,2010/07/30 08:00:00
ES51,Heating Tertiary,2010,5050,2.1845300740555745e-05,2010/07/30 09:00:00
ES51,Heating Tertiary,2010,5051,1.9039500645439116e-05,2010/07/30 10:00:00
ES51,Heating Tertiary,2010,5052,1.6872500571977807e-05,2010/07/30 11:00:00
ES51,Heating Tertiary,2010,5053,1.5367500520958302e-05,2010/07/30 12:00:00
ES51,Heating Tertiary,2010,5054,1.4242100482807239e-05,2010/07/30 13:00:00
ES51,Heating Tertiary,2010,5055,1.3487000457209345e-05,2010/07/30 14:00:00
ES51,Heating Tertiary,2010,5056,1.3152100445856235e-05,2010/07/30 15:00:00
ES51,Heating Tertiary,2010,5057,1.3170300446473214e-05,2010/07/30 16:00:00
ES51,Heating Tertiary,2010,5058,1.3304600451025986e-05,2010/07/30 17:00:00
ES51,Heating Tertiary,2010,5059,1.3349600452551486e-05,2010/07/30 18:00:00
ES51,Heating Tertiary,2010,5060,1.3423300455049915e-05,2010/07/30 19:00:00
ES51,Heating Tertiary,2010,5061,1.3752200466199626e-05,2010/07/30 20:00:00
ES51,Heating Tertiary,2010,5062,1.470530049850972e-05,2010/07/30 21:00:00
ES51,Heating Tertiary,2010,5063,1.6552100561116244e-05,2010/07/30 22:00:00
ES51,Heating Tertiary,2010,5064,1.9257400652825927e-05,2010/07/30 23:00:00
ES51,Heating Tertiary,2010,5065,2.349440079646024e-05,2010/07/31 00:00:00
ES51,Heating Tertiary,2010,5066,2.675220090689967e-05,2010/07/31 01:00:00
ES51,Heating Tertiary,2010,5067,2.9133300987618967e-05,2010/07/31 02:00:00
ES51,Heating Tertiary,2010,5068,3.0497701033872133e-05,2010/07/31 03:00:00
ES51,Heating Tertiary,2010,5069,3.1322901061846416e-05,2010/07/31 04:00:00
ES51,Heating Tertiary,2010,5070,3.1755301076504775e-05,2010/07/31 05:00:00
ES51,Heating Tertiary,2010,5071,3.1304101061209095e-05,2010/07/31 06:00:00
ES51,Heating Tertiary,2010,5072,2.960920100375198e-05,2010/07/31 07:00:00
ES51,Heating Tertiary,2010,5073,2.6869900910889702e-05,2010/07/31 08:00:00
ES51,Heating Tertiary,2010,5074,2.364430080154185e-05,2010/07/31 09:00:00
ES51,Heating Tertiary,2010,5075,2.05457006964993e-05,2010/07/31 10:00:00
ES51,Heating Tertiary,2010,5076,1.806450061238661e-05,2010/07/31 11:00:00
ES51,Heating Tertiary,2010,5077,1.6290400552244617e-05,2010/07/31 12:00:00
ES51,Heating Tertiary,2010,5078,1.4988300508103422e-05,2010/07/31 13:00:00
ES51,Heating Tertiary,2010,5079,1.4071100477010338e-05,2010/07/31 14:00:00
ES51,Heating Tertiary,2010,5080,1.3667400463324907e-05,2010/07/31 15:00:00
ES51,Heating Tertiary,2010,5081,1.3719600465094487e-05,2010/07/31 16:00:00
ES51,Heating Tertiary,2010,5082,1.3903400471325307e-05,2010/07/31 17:00:00
ES51,Heating Tertiary,2010,5083,1.3961400473291507e-05,2010/07/31 18:00:00
ES51,Heating Tertiary,2010,5084,1.3949200472877927e-05,2010/07/31 19:00:00
ES51,Heating Tertiary,2010,5085,1.4126000478871447e-05,2010/07/31 20:00:00
ES51,Heating Tertiary,2010,5086,1.4956600507028791e-05,2010/07/31 21:00:00
ES51,Heating Tertiary,2010,5087,1.6886200572442238e-05,2010/07/31 22:00:00
ES51,Heating Tertiary,2010,5088,1.9888200674210047e-05,2010/07/31 23:00:00
ES51,Heating Tertiary,2010,5089,2.3236800787727598e-05,2010/08/01 00:00:00
ES51,Heating Tertiary,2010,5090,2.6768400907448852e-05,2010/08/01 01:00:00
ES51,Heating Tertiary,2010,5091,2.9619901004114713e-05,2010/08/01 02:00:00
ES51,Heating Tertiary,2010,5092,3.1376001063646505e-05,2010/08/01 03:00:00
ES51,Heating Tertiary,2010,5093,3.2174801090725826e-05,2010/08/01 04:00:00
ES51,Heating Tertiary,2010,5094,3.244870110001104e-05,2010/08/01 05:00:00
ES51,Heating Tertiary,2010,5095,3.1865001080223605e-05,2010/08/01 06:00:00
ES51,Heating Tertiary,2010,5096,3.0150701022108832e-05,2010/08/01 07:00:00
ES51,Heating Tertiary,2010,5097,2.7432500929961846e-05,2010/08/01 08:00:00
ES51,Heating Tertiary,2010,5098,2.4225200821234363e-05,2010/08/01 09:00:00
ES51,Heating Tertiary,2010,5099,2.1216700719246202e-05,2010/08/01 10:00:00
ES51,Heating Tertiary,2010,5100,1.8898300640652433e-05,2010/08/01 11:00:00
ES51,Heating Tertiary,2010,5101,1.7297800586395477e-05,2010/08/01 12:00:00
ES51,Heating Tertiary,2010,5102,1.6064200544576433e-05,2010/08/01 13:00:00
ES51,Heating Tertiary,2010,5103,1.5114100512368043e-05,2010/08/01 14:00:00
ES51,Heating Tertiary,2010,5104,1.458940049458071e-05,2010/08/01 15:00:00
ES51,Heating Tertiary,2010,5105,1.435580048666167e-05,2010/08/01 16:00:00
ES51,Heating Tertiary,2010,5106,1.4243300482847918e-05,2010/08/01 17:00:00
ES51,Heating Tertiary,2010,5107,1.4063200476742528e-05,2010/08/01 18:00:00
ES51,Heating Tertiary,2010,5108,1.4001100474637337e-05,2010/08/01 19:00:00
ES51,Heating Tertiary,2010,5109,1.4252200483149628e-05,2010/08/01 20:00:00
ES51,Heating Tertiary,2010,5110,1.5156000513788453e-05,2010/08/01 21:00:00
ES51,Heating Tertiary,2010,5111,1.7014000576774658e-05,2010/08/01 22:00:00
ES51,Heating Tertiary,2010,5112,1.9786100670748857e-05,2010/08/01 23:00:00
ES51,Heating Tertiary,2010,5113,2.2416800759929593e-05,2010/08/02 00:00:00
ES51,Heating Tertiary,2010,5114,2.5392200860795665e-05,2010/08/02 01:00:00
ES51,Heating Tertiary,2010,5115,2.7669000937979196e-05,2010/08/02 02:00:00
ES51,Heating Tertiary,2010,5116,2.903820098439508e-05,2010/08/02 03:00:00
ES51,Heating Tertiary,2010,5117,2.9748101008460694e-05,2010/08/02 04:00:00
ES51,Heating Tertiary,2010,5118,3.0011601017393342e-05,2010/08/02 05:00:00
ES51,Heating Tertiary,2010,5119,2.9456600998578843e-05,2010/08/02 06:00:00
ES51,Heating Tertiary,2010,5120,2.7709500939352142e-05,2010/08/02 07:00:00
ES51,Heating Tertiary,2010,5121,2.4972300846561056e-05,2010/08/02 08:00:00
ES51,Heating Tertiary,2010,5122,2.1845300740555745e-05,2010/08/02 09:00:00
ES51,Heating Tertiary,2010,5123,1.9039500645439116e-05,2010/08/02 10:00:00
ES51,Heating Tertiary,2010,5124,1.6872500571977807e-05,2010/08/02 11:00:00
ES51,Heating Tertiary,2010,5125,1.5367500520958302e-05,2010/08/02 12:00:00
ES51,Heating Tertiary,2010,5126,1.4242100482807239e-05,2010/08/02 13:00:00
ES51,Heating Tertiary,2010,5127,1.3487000457209345e-05,2010/08/02 14:00:00
ES51,Heating Tertiary,2010,5128,1.3152100445856235e-05,2010/08/02 15:00:00
ES51,Heating Tertiary,2010,5129,1.3170300446473214e-05,2010/08/02 16:00:00
ES51,Heating Tertiary,2010,5130,1.3304600451025986e-05,2010/08/02 17:00:00
ES51,Heating Tertiary,2010,5131,1.3349600452551486e-05,2010/08/02 18:00:00
ES51,Heating Tertiary,2010,5132,1.3423300455049915e-05,2010/08/02 19:00:00
ES51,Heating Tertiary,2010,5133,1.3752200466199626e-05,2010/08/02 20:00:00
ES51,Heating Tertiary,2010,5134,1.470530049850972e-05,2010/08/02 21:00:00
ES51,Heating Tertiary,2010,5135,1.6552100561116244e-05,2010/08/02 22:00:00
ES51,Heating Tertiary,2010,5136,1.9257400652825927e-05,2010/08/02 23:00:00
ES51,Heating Tertiary,2010,5137,2.2416800759929593e-05,2010/08/03 00:00:00
ES51,Heating Tertiary,2010,5138,2.5392200860795665e-05,2010/08/03 01:00:00
ES51,Heating Tertiary,2010,5139,2.7669000937979196e-05,2010/08/03 02:00:00
ES51,Heating Tertiary,2010,5140,2.903820098439508e-05,2010/08/03 03:00:00
ES51,Heating Tertiary,2010,5141,2.9748101008460694e-05,2010/08/03 04:00:00
ES51,Heating Tertiary,2010,5142,3.0011601017393342e-05,2010/08/03 05:00:00
ES51,Heating Tertiary,2010,5143,2.9456600998578843e-05,2010/08/03 06:00:00
ES51,Heating Tertiary,2010,5144,2.7709500939352142e-05,2010/08/03 07:00:00
ES51,Heating Tertiary,2010,5145,2.4972300846561056e-05,2010/08/03 08:00:00
ES51,Heating Tertiary,2010,5146,2.1845300740555745e-05,2010/08/03 09:00:00
ES51,Heating Tertiary,2010,5147,1.9039500645439116e-05,2010/08/03 10:00:00
ES51,Heating Tertiary,2010,5148,1.6872500571977807e-05,2010/08/03 11:00:00
ES51,Heating Tertiary,2010,5149,1.5367500520958302e-05,2010/08/03 12:00:00
ES51,Heating Tertiary,2010,5150,1.4242100482807239e-05,2010/08/03 13:00:00
ES51,Heating Tertiary,2010,5151,1.3487000457209345e-05,2010/08/03 14:00:00
ES51,Heating Tertiary,2010,5152,1.3152100445856235e-05,2010/08/03 15:00:00
ES51,Heating Tertiary,2010,5153,1.3170300446473214e-05,2010/08/03 16:00:00
ES51,Heating Tertiary,2010,5154,1.3304600451025986e-05,2010/08/03 17:00:00
ES51,Heating Tertiary,2010,5155,1.3349600452551486e-05,2010/08/03 18:00:00
ES51,Heating Tertiary,2010,5156,1.3423300455049915e-05,2010/08/03 19:00:00
ES51,Heating Tertiary,2010,5157,1.3752200466199626e-05,2010/08/03 20:00:00
ES51,Heating Tertiary,2010,5158,1.470530049850972e-05,2010/08/03 21:00:00
ES51,Heating Tertiary,2010,5159,1.6552100561116244e-05,2010/08/03 22:00:00
ES51,Heating Tertiary,2010,5160,1.9257400652825927e-05,2010/08/03 23:00:00
ES51,Heating Tertiary,2010,5161,2.2416800759929593e-05,2010/08/04 00:00:00
ES51,Heating Tertiary,2010,5162,2.5392200860795665e-05,2010/08/04 01:00:00
ES51,Heating Tertiary,2010,5163,2.7669000937979196e-05,2010/08/04 02:00:00
ES51,Heating Tertiary,2010,5164,2.903820098439508e-05,2010/08/04 03:00:00
ES51,Heating Tertiary,2010,5165,2.9748101008460694e-05,2010/08/04 04:00:00
ES51,Heating Tertiary,2010,5166,3.0011601017393342e-05,2010/08/04 05:00:00
ES51,Heating Tertiary,2010,5167,2.9456600998578843e-05,2010/08/04 06:00:00
ES51,Heating Tertiary,2010,5168,2.7709500939352142e-05,2010/08/04 07:00:00
ES51,Heating Tertiary,2010,5169,2.4972300846561056e-05,2010/08/04 08:00:00
ES51,Heating Tertiary,2010,5170,2.1845300740555745e-05,2010/08/04 09:00:00
ES51,Heating Tertiary,2010,5171,1.9039500645439116e-05,2010/08/04 10:00:00
ES51,Heating Tertiary,2010,5172,1.6872500571977807e-05,2010/08/04 11:00:00
ES51,Heating Tertiary,2010,5173,1.5367500520958302e-05,2010/08/04 12:00:00
ES51,Heating Tertiary,2010,5174,1.4242100482807239e-05,2010/08/04 13:00:00
ES51,Heating Tertiary,2010,5175,1.3487000457209345e-05,2010/08/04 14:00:00
ES51,Heating Tertiary,2010,5176,1.3152100445856235e-05,2010/08/04 15:00:00
ES51,Heating Tertiary,2010,5177,1.3170300446473214e-05,2010/08/04 16:00:00
ES51,Heating Tertiary,2010,5178,1.3304600451025986e-05,2010/08/04 17:00:00
ES51,Heating Tertiary,2010,5179,1.3349600452551486e-05,2010/08/04 18:00:00
ES51,Heating Tertiary,2010,5180,1.3423300455049915e-05,2010/08/04 19:00:00
ES51,Heating Tertiary,2010,5181,1.3752200466199626e-05,2010/08/04 20:00:00
ES51,Heating Tertiary,2010,5182,1.470530049850972e-05,2010/08/04 21:00:00
ES51,Heating Tertiary,2010,5183,1.6552100561116244e-05,2010/08/04 22:00:00
ES51,Heating Tertiary,2010,5184,1.9257400652825927e-05,2010/08/04 23:00:00
ES51,Heating Tertiary,2010,5185,2.2416800759929593e-05,2010/08/05 00:00:00
ES51,Heating Tertiary,2010,5186,2.5392200860795665e-05,2010/08/05 01:00:00
ES51,Heating Tertiary,2010,5187,2.7669000937979196e-05,2010/08/05 02:00:00
ES51,Heating Tertiary,2010,5188,2.903820098439508e-05,2010/08/05 03:00:00
ES51,Heating Tertiary,2010,5189,2.9748101008460694e-05,2010/08/05 04:00:00
ES51,Heating Tertiary,2010,5190,3.0011601017393342e-05,2010/08/05 05:00:00
ES51,Heating Tertiary,2010,5191,2.9456600998578843e-05,2010/08/05 06:00:00
ES51,Heating Tertiary,2010,5192,2.7709500939352142e-05,2010/08/05 07:00:00
ES51,Heating Tertiary,2010,5193,2.4972300846561056e-05,2010/08/05 08:00:00
ES51,Heating Tertiary,2010,5194,2.1845300740555745e-05,2010/08/05 09:00:00
ES51,Heating Tertiary,2010,5195,1.9039500645439116e-05,2010/08/05 10:00:00
ES51,Heating Tertiary,2010,5196,1.6872500571977807e-05,2010/08/05 11:00:00
ES51,Heating Tertiary,2010,5197,1.5367500520958302e-05,2010/08/05 12:00:00
ES51,Heating Tertiary,2010,5198,1.4242100482807239e-05,2010/08/05 13:00:00
ES51,Heating Tertiary,2010,5199,1.3487000457209345e-05,2010/08/05 14:00:00
ES51,Heating Tertiary,2010,5200,1.3152100445856235e-05,2010/08/05 15:00:00
ES51,Heating Tertiary,2010,5201,1.3170300446473214e-05,2010/08/05 16:00:00
ES51,Heating Tertiary,2010,5202,1.3304600451025986e-05,2010/08/05 17:00:00
ES51,Heating Tertiary,2010,5203,1.3349600452551486e-05,2010/08/05 18:00:00
ES51,Heating Tertiary,2010,5204,1.3423300455049915e-05,2010/08/05 19:00:00
ES51,Heating Tertiary,2010,5205,1.3752200466199626e-05,2010/08/05 20:00:00
ES51,Heating Tertiary,2010,5206,1.470530049850972e-05,2010/08/05 21:00:00
ES51,Heating Tertiary,2010,5207,1.6552100561116244e-05,2010/08/05 22:00:00
ES51,Heating Tertiary,2010,5208,1.9257400652825927e-05,2010/08/05 23:00:00
ES51,Heating Tertiary,2010,5209,2.2416800759929593e-05,2010/08/06 00:00:00
ES51,Heating Tertiary,2010,5210,2.5392200860795665e-05,2010/08/06 01:00:00
ES51,Heating Tertiary,2010,5211,2.7669000937979196e-05,2010/08/06 02:00:00
ES51,Heating Tertiary,2010,5212,2.903820098439508e-05,2010/08/06 03:00:00
ES51,Heating Tertiary,2010,5213,2.9748101008460694e-05,2010/08/06 04:00:00
ES51,Heating Tertiary,2010,5214,3.0011601017393342e-05,2010/08/06 05:00:00
ES51,Heating Tertiary,2010,5215,2.9456600998578843e-05,2010/08/06 06:00:00
ES51,Heating Tertiary,2010,5216,2.7709500939352142e-05,2010/08/06 07:00:00
ES51,Heating Tertiary,2010,5217,2.4972300846561056e-05,2010/08/06 08:00:00
ES51,Heating Tertiary,2010,5218,2.1845300740555745e-05,2010/08/06 09:00:00
ES51,Heating Tertiary,2010,5219,1.9039500645439116e-05,2010/08/06 10:00:00
ES51,Heating Tertiary,2010,5220,1.6872500571977807e-05,2010/08/06 11:00:00
ES51,Heating Tertiary,2010,5221,1.5367500520958302e-05,2010/08/06 12:00:00
ES51,Heating Tertiary,2010,5222,1.4242100482807239e-05,2010/08/06 13:00:00
ES51,Heating Tertiary,2010,5223,1.3487000457209345e-05,2010/08/06 14:00:00
ES51,Heating Tertiary,2010,5224,1.3152100445856235e-05,2010/08/06 15:00:00
ES51,Heating Tertiary,2010,5225,1.3170300446473214e-05,2010/08/06 16:00:00
ES51,Heating Tertiary,2010,5226,1.3304600451025986e-05,2010/08/06 17:00:00
ES51,Heating Tertiary,2010,5227,1.3349600452551486e-05,2010/08/06 18:00:00
ES51,Heating Tertiary,2010,5228,1.3423300455049915e-05,2010/08/06 19:00:00
ES51,Heating Tertiary,2010,5229,1.3752200466199626e-05,2010/08/06 20:00:00
ES51,Heating Tertiary,2010,5230,1.470530049850972e-05,2010/08/06 21:00:00
ES51,Heating Tertiary,2010,5231,1.6552100561116244e-05,2010/08/06 22:00:00
ES51,Heating Tertiary,2010,5232,1.9257400652825927e-05,2010/08/06 23:00:00
ES51,Heating Tertiary,2010,5233,2.349440079646024e-05,2010/08/07 00:00:00
ES51,Heating Tertiary,2010,5234,2.675220090689967e-05,2010/08/07 01:00:00
ES51,Heating Tertiary,2010,5235,2.9133300987618967e-05,2010/08/07 02:00:00
ES51,Heating Tertiary,2010,5236,3.0497701033872133e-05,2010/08/07 03:00:00
ES51,Heating Tertiary,2010,5237,3.1322901061846416e-05,2010/08/07 04:00:00
ES51,Heating Tertiary,2010,5238,3.1755301076504775e-05,2010/08/07 05:00:00
ES51,Heating Tertiary,2010,5239,3.1304101061209095e-05,2010/08/07 06:00:00
ES51,Heating Tertiary,2010,5240,2.960920100375198e-05,2010/08/07 07:00:00
ES51,Heating Tertiary,2010,5241,2.6869900910889702e-05,2010/08/07 08:00:00
ES51,Heating Tertiary,2010,5242,2.364430080154185e-05,2010/08/07 09:00:00
ES51,Heating Tertiary,2010,5243,2.05457006964993e-05,2010/08/07 10:00:00
ES51,Heating Tertiary,2010,5244,1.806450061238661e-05,2010/08/07 11:00:00
ES51,Heating Tertiary,2010,5245,1.6290400552244617e-05,2010/08/07 12:00:00
ES51,Heating Tertiary,2010,5246,1.4988300508103422e-05,2010/08/07 13:00:00
ES51,Heating Tertiary,2010,5247,1.4071100477010338e-05,2010/08/07 14:00:00
ES51,Heating Tertiary,2010,5248,1.3667400463324907e-05,2010/08/07 15:00:00
ES51,Heating Tertiary,2010,5249,1.3719600465094487e-05,2010/08/07 16:00:00
ES51,Heating Tertiary,2010,5250,1.3903400471325307e-05,2010/08/07 17:00:00
ES51,Heating Tertiary,2010,5251,1.3961400473291507e-05,2010/08/07 18:00:00
ES51,Heating Tertiary,2010,5252,1.3949200472877927e-05,2010/08/07 19:00:00
ES51,Heating Tertiary,2010,5253,1.4126000478871447e-05,2010/08/07 20:00:00
ES51,Heating Tertiary,2010,5254,1.4956600507028791e-05,2010/08/07 21:00:00
ES51,Heating Tertiary,2010,5255,1.6886200572442238e-05,2010/08/07 22:00:00
ES51,Heating Tertiary,2010,5256,1.9888200674210047e-05,2010/08/07 23:00:00
ES51,Heating Tertiary,2010,5257,2.3236800787727598e-05,2010/08/08 00:00:00
ES51,Heating Tertiary,2010,5258,2.6768400907448852e-05,2010/08/08 01:00:00
ES51,Heating Tertiary,2010,5259,2.9619901004114713e-05,2010/08/08 02:00:00
ES51,Heating Tertiary,2010,5260,3.1376001063646505e-05,2010/08/08 03:00:00
ES51,Heating Tertiary,2010,5261,3.2174801090725826e-05,2010/08/08 04:00:00
ES51,Heating Tertiary,2010,5262,3.244870110001104e-05,2010/08/08 05:00:00
ES51,Heating Tertiary,2010,5263,3.1865001080223605e-05,2010/08/08 06:00:00
ES51,Heating Tertiary,2010,5264,3.0150701022108832e-05,2010/08/08 07:00:00
ES51,Heating Tertiary,2010,5265,2.7432500929961846e-05,2010/08/08 08:00:00
ES51,Heating Tertiary,2010,5266,2.4225200821234363e-05,2010/08/08 09:00:00
ES51,Heating Tertiary,2010,5267,2.1216700719246202e-05,2010/08/08 10:00:00
ES51,Heating Tertiary,2010,5268,1.8898300640652433e-05,2010/08/08 11:00:00
ES51,Heating Tertiary,2010,5269,1.7297800586395477e-05,2010/08/08 12:00:00
ES51,Heating Tertiary,2010,5270,1.6064200544576433e-05,2010/08/08 13:00:00
ES51,Heating Tertiary,2010,5271,1.5114100512368043e-05,2010/08/08 14:00:00
ES51,Heating Tertiary,2010,5272,1.458940049458071e-05,2010/08/08 15:00:00
ES51,Heating Tertiary,2010,5273,1.435580048666167e-05,2010/08/08 16:00:00
ES51,Heating Tertiary,2010,5274,1.4243300482847918e-05,2010/08/08 17:00:00
ES51,Heating Tertiary,2010,5275,1.4063200476742528e-05,2010/08/08 18:00:00
ES51,Heating Tertiary,2010,5276,1.4001100474637337e-05,2010/08/08 19:00:00
ES51,Heating Tertiary,2010,5277,1.4252200483149628e-05,2010/08/08 20:00:00
ES51,Heating Tertiary,2010,5278,1.5156000513788453e-05,2010/08/08 21:00:00
ES51,Heating Tertiary,2010,5279,1.7014000576774658e-05,2010/08/08 22:00:00
ES51,Heating Tertiary,2010,5280,1.9786100670748857e-05,2010/08/08 23:00:00
ES51,Heating Tertiary,2010,5281,2.2416800759929593e-05,2010/08/09 00:00:00
ES51,Heating Tertiary,2010,5282,2.5392200860795665e-05,2010/08/09 01:00:00
ES51,Heating Tertiary,2010,5283,2.7669000937979196e-05,2010/08/09 02:00:00
ES51,Heating Tertiary,2010,5284,2.903820098439508e-05,2010/08/09 03:00:00
ES51,Heating Tertiary,2010,5285,2.9748101008460694e-05,2010/08/09 04:00:00
ES51,Heating Tertiary,2010,5286,3.0011601017393342e-05,2010/08/09 05:00:00
ES51,Heating Tertiary,2010,5287,2.9456600998578843e-05,2010/08/09 06:00:00
ES51,Heating Tertiary,2010,5288,2.7709500939352142e-05,2010/08/09 07:00:00
ES51,Heating Tertiary,2010,5289,2.4972300846561056e-05,2010/08/09 08:00:00
ES51,Heating Tertiary,2010,5290,2.1845300740555745e-05,2010/08/09 09:00:00
ES51,Heating Tertiary,2010,5291,1.9039500645439116e-05,2010/08/09 10:00:00
ES51,Heating Tertiary,2010,5292,1.6872500571977807e-05,2010/08/09 11:00:00
ES51,Heating Tertiary,2010,5293,1.5367500520958302e-05,2010/08/09 12:00:00
ES51,Heating Tertiary,2010,5294,1.4242100482807239e-05,2010/08/09 13:00:00
ES51,Heating Tertiary,2010,5295,1.3487000457209345e-05,2010/08/09 14:00:00
ES51,Heating Tertiary,2010,5296,1.3152100445856235e-05,2010/08/09 15:00:00
ES51,Heating Tertiary,2010,5297,1.3170300446473214e-05,2010/08/09 16:00:00
ES51,Heating Tertiary,2010,5298,1.3304600451025986e-05,2010/08/09 17:00:00
ES51,Heating Tertiary,2010,5299,1.3349600452551486e-05,2010/08/09 18:00:00
ES51,Heating Tertiary,2010,5300,1.3423300455049915e-05,2010/08/09 19:00:00
ES51,Heating Tertiary,2010,5301,1.3752200466199626e-05,2010/08/09 20:00:00
ES51,Heating Tertiary,2010,5302,1.470530049850972e-05,2010/08/09 21:00:00
ES51,Heating Tertiary,2010,5303,1.6552100561116244e-05,2010/08/09 22:00:00
ES51,Heating Tertiary,2010,5304,1.9257400652825927e-05,2010/08/09 23:00:00
ES51,Heating Tertiary,2010,5305,2.2416800759929593e-05,2010/08/10 00:00:00
ES51,Heating Tertiary,2010,5306,2.5392200860795665e-05,2010/08/10 01:00:00
ES51,Heating Tertiary,2010,5307,2.7669000937979196e-05,2010/08/10 02:00:00
ES51,Heating Tertiary,2010,5308,2.903820098439508e-05,2010/08/10 03:00:00
ES51,Heating Tertiary,2010,5309,2.9748101008460694e-05,2010/08/10 04:00:00
ES51,Heating Tertiary,2010,5310,3.0011601017393342e-05,2010/08/10 05:00:00
ES51,Heating Tertiary,2010,5311,2.9456600998578843e-05,2010/08/10 06:00:00
ES51,Heating Tertiary,2010,5312,2.7709500939352142e-05,2010/08/10 07:00:00
ES51,Heating Tertiary,2010,5313,2.4972300846561056e-05,2010/08/10 08:00:00
ES51,Heating Tertiary,2010,5314,2.1845300740555745e-05,2010/08/10 09:00:00
ES51,Heating Tertiary,2010,5315,1.9039500645439116e-05,2010/08/10 10:00:00
ES51,Heating Tertiary,2010,5316,1.6872500571977807e-05,2010/08/10 11:00:00
ES51,Heating Tertiary,2010,5317,1.5367500520958302e-05,2010/08/10 12:00:00
ES51,Heating Tertiary,2010,5318,1.4242100482807239e-05,2010/08/10 13:00:00
ES51,Heating Tertiary,2010,5319,1.3487000457209345e-05,2010/08/10 14:00:00
ES51,Heating Tertiary,2010,5320,1.3152100445856235e-05,2010/08/10 15:00:00
ES51,Heating Tertiary,2010,5321,1.3170300446473214e-05,2010/08/10 16:00:00
ES51,Heating Tertiary,2010,5322,1.3304600451025986e-05,2010/08/10 17:00:00
ES51,Heating Tertiary,2010,5323,1.3349600452551486e-05,2010/08/10 18:00:00
ES51,Heating Tertiary,2010,5324,1.3423300455049915e-05,2010/08/10 19:00:00
ES51,Heating Tertiary,2010,5325,1.3752200466199626e-05,2010/08/10 20:00:00
ES51,Heating Tertiary,2010,5326,1.470530049850972e-05,2010/08/10 21:00:00
ES51,Heating Tertiary,2010,5327,1.6552100561116244e-05,2010/08/10 22:00:00
ES51,Heating Tertiary,2010,5328,1.9257400652825927e-05,2010/08/10 23:00:00
ES51,Heating Tertiary,2010,5329,2.2416800759929593e-05,2010/08/11 00:00:00
ES51,Heating Tertiary,2010,5330,2.5392200860795665e-05,2010/08/11 01:00:00
ES51,Heating Tertiary,2010,5331,2.7669000937979196e-05,2010/08/11 02:00:00
ES51,Heating Tertiary,2010,5332,2.903820098439508e-05,2010/08/11 03:00:00
ES51,Heating Tertiary,2010,5333,2.9748101008460694e-05,2010/08/11 04:00:00
ES51,Heating Tertiary,2010,5334,3.0011601017393342e-05,2010/08/11 05:00:00
ES51,Heating Tertiary,2010,5335,2.9456600998578843e-05,2010/08/11 06:00:00
ES51,Heating Tertiary,2010,5336,2.7709500939352142e-05,2010/08/11 07:00:00
ES51,Heating Tertiary,2010,5337,2.4972300846561056e-05,2010/08/11 08:00:00
ES51,Heating Tertiary,2010,5338,2.1845300740555745e-05,2010/08/11 09:00:00
ES51,Heating Tertiary,2010,5339,1.9039500645439116e-05,2010/08/11 10:00:00
ES51,Heating Tertiary,2010,5340,1.6872500571977807e-05,2010/08/11 11:00:00
ES51,Heating Tertiary,2010,5341,1.5367500520958302e-05,2010/08/11 12:00:00
ES51,Heating Tertiary,2010,5342,1.4242100482807239e-05,2010/08/11 13:00:00
ES51,Heating Tertiary,2010,5343,1.3487000457209345e-05,2010/08/11 14:00:00
ES51,Heating Tertiary,2010,5344,1.3152100445856235e-05,2010/08/11 15:00:00
ES51,Heating Tertiary,2010,5345,1.3170300446473214e-05,2010/08/11 16:00:00
ES51,Heating Tertiary,2010,5346,1.3304600451025986e-05,2010/08/11 17:00:00
ES51,Heating Tertiary,2010,5347,1.3349600452551486e-05,2010/08/11 18:00:00
ES51,Heating Tertiary,2010,5348,1.3423300455049915e-05,2010/08/11 19:00:00
ES51,Heating Tertiary,2010,5349,1.3752200466199626e-05,2010/08/11 20:00:00
ES51,Heating Tertiary,2010,5350,1.470530049850972e-05,2010/08/11 21:00:00
ES51,Heating Tertiary,2010,5351,1.6552100561116244e-05,2010/08/11 22:00:00
ES51,Heating Tertiary,2010,5352,1.9257400652825927e-05,2010/08/11 23:00:00
ES51,Heating Tertiary,2010,5353,2.2416800759929593e-05,2010/08/12 00:00:00
ES51,Heating Tertiary,2010,5354,2.5392200860795665e-05,2010/08/12 01:00:00
ES51,Heating Tertiary,2010,5355,2.7669000937979196e-05,2010/08/12 02:00:00
ES51,Heating Tertiary,2010,5356,2.903820098439508e-05,2010/08/12 03:00:00
ES51,Heating Tertiary,2010,5357,2.9748101008460694e-05,2010/08/12 04:00:00
ES51,Heating Tertiary,2010,5358,3.0011601017393342e-05,2010/08/12 05:00:00
ES51,Heating Tertiary,2010,5359,2.9456600998578843e-05,2010/08/12 06:00:00
ES51,Heating Tertiary,2010,5360,2.7709500939352142e-05,2010/08/12 07:00:00
ES51,Heating Tertiary,2010,5361,2.4972300846561056e-05,2010/08/12 08:00:00
ES51,Heating Tertiary,2010,5362,2.1845300740555745e-05,2010/08/12 09:00:00
ES51,Heating Tertiary,2010,5363,1.9039500645439116e-05,2010/08/12 10:00:00
ES51,Heating Tertiary,2010,5364,1.6872500571977807e-05,2010/08/12 11:00:00
ES51,Heating Tertiary,2010,5365,1.5367500520958302e-05,2010/08/12 12:00:00
ES51,Heating Tertiary,2010,5366,1.4242100482807239e-05,2010/08/12 13:00:00
ES51,Heating Tertiary,2010,5367,1.3487000457209345e-05,2010/08/12 14:00:00
ES51,Heating Tertiary,2010,5368,1.3152100445856235e-05,2010/08/12 15:00:00
ES51,Heating Tertiary,2010,5369,1.3170300446473214e-05,2010/08/12 16:00:00
ES51,Heating Tertiary,2010,5370,1.3304600451025986e-05,2010/08/12 17:00:00
ES51,Heating Tertiary,2010,5371,1.3349600452551486e-05,2010/08/12 18:00:00
ES51,Heating Tertiary,2010,5372,1.3423300455049915e-05,2010/08/12 19:00:00
ES51,Heating Tertiary,2010,5373,1.3752200466199626e-05,2010/08/12 20:00:00
ES51,Heating Tertiary,2010,5374,1.470530049850972e-05,2010/08/12 21:00:00
ES51,Heating Tertiary,2010,5375,1.6552100561116244e-05,2010/08/12 22:00:00
ES51,Heating Tertiary,2010,5376,1.9257400652825927e-05,2010/08/12 23:00:00
ES51,Heating Tertiary,2010,5377,2.2416800759929593e-05,2010/08/13 00:00:00
ES51,Heating Tertiary,2010,5378,2.5392200860795665e-05,2010/08/13 01:00:00
ES51,Heating Tertiary,2010,5379,2.7669000937979196e-05,2010/08/13 02:00:00
ES51,Heating Tertiary,2010,5380,2.903820098439508e-05,2010/08/13 03:00:00
ES51,Heating Tertiary,2010,5381,2.9748101008460694e-05,2010/08/13 04:00:00
ES51,Heating Tertiary,2010,5382,3.0011601017393342e-05,2010/08/13 05:00:00
ES51,Heating Tertiary,2010,5383,2.9456600998578843e-05,2010/08/13 06:00:00
ES51,Heating Tertiary,2010,5384,2.7709500939352142e-05,2010/08/13 07:00:00
ES51,Heating Tertiary,2010,5385,2.4972300846561056e-05,2010/08/13 08:00:00
ES51,Heating Tertiary,2010,5386,2.1845300740555745e-05,2010/08/13 09:00:00
ES51,Heating Tertiary,2010,5387,1.9039500645439116e-05,2010/08/13 10:00:00
ES51,Heating Tertiary,2010,5388,1.6872500571977807e-05,2010/08/13 11:00:00
ES51,Heating Tertiary,2010,5389,1.5367500520958302e-05,2010/08/13 12:00:00
ES51,Heating Tertiary,2010,5390,1.4242100482807239e-05,2010/08/13 13:00:00
ES51,Heating Tertiary,2010,5391,1.3487000457209345e-05,2010/08/13 14:00:00
ES51,Heating Tertiary,2010,5392,1.3152100445856235e-05,2010/08/13 15:00:00
ES51,Heating Tertiary,2010,5393,1.3170300446473214e-05,2010/08/13 16:00:00
ES51,Heating Tertiary,2010,5394,1.3304600451025986e-05,2010/08/13 17:00:00
ES51,Heating Tertiary,2010,5395,1.3349600452551486e-05,2010/08/13 18:00:00
ES51,Heating Tertiary,2010,5396,1.3423300455049915e-05,2010/08/13 19:00:00
ES51,Heating Tertiary,2010,5397,1.3752200466199626e-05,2010/08/13 20:00:00
ES51,Heating Tertiary,2010,5398,1.470530049850972e-05,2010/08/13 21:00:00
ES51,Heating Tertiary,2010,5399,1.6552100561116244e-05,2010/08/13 22:00:00
ES51,Heating Tertiary,2010,5400,1.9257400652825927e-05,2010/08/13 23:00:00
ES51,Heating Tertiary,2010,5401,2.349440079646024e-05,2010/08/14 00:00:00
ES51,Heating Tertiary,2010,5402,2.675220090689967e-05,2010/08/14 01:00:00
ES51,Heating Tertiary,2010,5403,2.9133300987618967e-05,2010/08/14 02:00:00
ES51,Heating Tertiary,2010,5404,3.0497701033872133e-05,2010/08/14 03:00:00
ES51,Heating Tertiary,2010,5405,3.1322901061846416e-05,2010/08/14 04:00:00
ES51,Heating Tertiary,2010,5406,3.1755301076504775e-05,2010/08/14 05:00:00
ES51,Heating Tertiary,2010,5407,3.1304101061209095e-05,2010/08/14 06:00:00
ES51,Heating Tertiary,2010,5408,2.960920100375198e-05,2010/08/14 07:00:00
ES51,Heating Tertiary,2010,5409,2.6869900910889702e-05,2010/08/14 08:00:00
ES51,Heating Tertiary,2010,5410,2.364430080154185e-05,2010/08/14 09:00:00
ES51,Heating Tertiary,2010,5411,2.05457006964993e-05,2010/08/14 10:00:00
ES51,Heating Tertiary,2010,5412,1.806450061238661e-05,2010/08/14 11:00:00
ES51,Heating Tertiary,2010,5413,1.6290400552244617e-05,2010/08/14 12:00:00
ES51,Heating Tertiary,2010,5414,1.4988300508103422e-05,2010/08/14 13:00:00
ES51,Heating Tertiary,2010,5415,1.4071100477010338e-05,2010/08/14 14:00:00
ES51,Heating Tertiary,2010,5416,1.3667400463324907e-05,2010/08/14 15:00:00
ES51,Heating Tertiary,2010,5417,1.3719600465094487e-05,2010/08/14 16:00:00
ES51,Heating Tertiary,2010,5418,1.3903400471325307e-05,2010/08/14 17:00:00
ES51,Heating Tertiary,2010,5419,1.3961400473291507e-05,2010/08/14 18:00:00
ES51,Heating Tertiary,2010,5420,1.3949200472877927e-05,2010/08/14 19:00:00
ES51,Heating Tertiary,2010,5421,1.4126000478871447e-05,2010/08/14 20:00:00
ES51,Heating Tertiary,2010,5422,1.4956600507028791e-05,2010/08/14 21:00:00
ES51,Heating Tertiary,2010,5423,1.6886200572442238e-05,2010/08/14 22:00:00
ES51,Heating Tertiary,2010,5424,1.9888200674210047e-05,2010/08/14 23:00:00
ES51,Heating Tertiary,2010,5425,2.3236800787727598e-05,2010/08/15 00:00:00
ES51,Heating Tertiary,2010,5426,2.6768400907448852e-05,2010/08/15 01:00:00
ES51,Heating Tertiary,2010,5427,2.9619901004114713e-05,2010/08/15 02:00:00
ES51,Heating Tertiary,2010,5428,3.1376001063646505e-05,2010/08/15 03:00:00
ES51,Heating Tertiary,2010,5429,3.2174801090725826e-05,2010/08/15 04:00:00
ES51,Heating Tertiary,2010,5430,3.244870110001104e-05,2010/08/15 05:00:00
ES51,Heating Tertiary,2010,5431,3.1865001080223605e-05,2010/08/15 06:00:00
ES51,Heating Tertiary,2010,5432,3.0150701022108832e-05,2010/08/15 07:00:00
ES51,Heating Tertiary,2010,5433,2.7432500929961846e-05,2010/08/15 08:00:00
ES51,Heating Tertiary,2010,5434,2.4225200821234363e-05,2010/08/15 09:00:00
ES51,Heating Tertiary,2010,5435,2.1216700719246202e-05,2010/08/15 10:00:00
ES51,Heating Tertiary,2010,5436,1.8898300640652433e-05,2010/08/15 11:00:00
ES51,Heating Tertiary,2010,5437,1.7297800586395477e-05,2010/08/15 12:00:00
ES51,Heating Tertiary,2010,5438,1.6064200544576433e-05,2010/08/15 13:00:00
ES51,Heating Tertiary,2010,5439,1.5114100512368043e-05,2010/08/15 14:00:00
ES51,Heating Tertiary,2010,5440,1.458940049458071e-05,2010/08/15 15:00:00
ES51,Heating Tertiary,2010,5441,1.435580048666167e-05,2010/08/15 16:00:00
ES51,Heating Tertiary,2010,5442,1.4243300482847918e-05,2010/08/15 17:00:00
ES51,Heating Tertiary,2010,5443,1.4063200476742528e-05,2010/08/15 18:00:00
ES51,Heating Tertiary,2010,5444,1.4001100474637337e-05,2010/08/15 19:00:00
ES51,Heating Tertiary,2010,5445,1.4252200483149628e-05,2010/08/15 20:00:00
ES51,Heating Tertiary,2010,5446,1.5156000513788453e-05,2010/08/15 21:00:00
ES51,Heating Tertiary,2010,5447,1.7014000576774658e-05,2010/08/15 22:00:00
ES51,Heating Tertiary,2010,5448,1.9786100670748857e-05,2010/08/15 23:00:00
ES51,Heating Tertiary,2010,5449,2.2416800759929593e-05,2010/08/16 00:00:00
ES51,Heating Tertiary,2010,5450,2.5392200860795665e-05,2010/08/16 01:00:00
ES51,Heating Tertiary,2010,5451,2.7669000937979196e-05,2010/08/16 02:00:00
ES51,Heating Tertiary,2010,5452,2.903820098439508e-05,2010/08/16 03:00:00
ES51,Heating Tertiary,2010,5453,2.9748101008460694e-05,2010/08/16 04:00:00
ES51,Heating Tertiary,2010,5454,3.0011601017393342e-05,2010/08/16 05:00:00
ES51,Heating Tertiary,2010,5455,2.9456600998578843e-05,2010/08/16 06:00:00
ES51,Heating Tertiary,2010,5456,2.7709500939352142e-05,2010/08/16 07:00:00
ES51,Heating Tertiary,2010,5457,2.4972300846561056e-05,2010/08/16 08:00:00
ES51,Heating Tertiary,2010,5458,2.1845300740555745e-05,2010/08/16 09:00:00
ES51,Heating Tertiary,2010,5459,1.9039500645439116e-05,2010/08/16 10:00:00
ES51,Heating Tertiary,2010,5460,1.6872500571977807e-05,2010/08/16 11:00:00
ES51,Heating Tertiary,2010,5461,1.5367500520958302e-05,2010/08/16 12:00:00
ES51,Heating Tertiary,2010,5462,1.4242100482807239e-05,2010/08/16 13:00:00
ES51,Heating Tertiary,2010,5463,1.3487000457209345e-05,2010/08/16 14:00:00
ES51,Heating Tertiary,2010,5464,1.3152100445856235e-05,2010/08/16 15:00:00
ES51,Heating Tertiary,2010,5465,1.3170300446473214e-05,2010/08/16 16:00:00
ES51,Heating Tertiary,2010,5466,1.3304600451025986e-05,2010/08/16 17:00:00
ES51,Heating Tertiary,2010,5467,1.3349600452551486e-05,2010/08/16 18:00:00
ES51,Heating Tertiary,2010,5468,1.3423300455049915e-05,2010/08/16 19:00:00
ES51,Heating Tertiary,2010,5469,1.3752200466199626e-05,2010/08/16 20:00:00
ES51,Heating Tertiary,2010,5470,1.470530049850972e-05,2010/08/16 21:00:00
ES51,Heating Tertiary,2010,5471,1.6552100561116244e-05,2010/08/16 22:00:00
ES51,Heating Tertiary,2010,5472,1.9257400652825927e-05,2010/08/16 23:00:00
ES51,Heating Tertiary,2010,5473,2.2416800759929593e-05,2010/08/17 00:00:00
ES51,Heating Tertiary,2010,5474,2.5392200860795665e-05,2010/08/17 01:00:00
ES51,Heating Tertiary,2010,5475,2.7669000937979196e-05,2010/08/17 02:00:00
ES51,Heating Tertiary,2010,5476,2.903820098439508e-05,2010/08/17 03:00:00
ES51,Heating Tertiary,2010,5477,2.9748101008460694e-05,2010/08/17 04:00:00
ES51,Heating Tertiary,2010,5478,3.0011601017393342e-05,2010/08/17 05:00:00
ES51,Heating Tertiary,2010,5479,2.9456600998578843e-05,2010/08/17 06:00:00
ES51,Heating Tertiary,2010,5480,2.7709500939352142e-05,2010/08/17 07:00:00
ES51,Heating Tertiary,2010,5481,2.4972300846561056e-05,2010/08/17 08:00:00
ES51,Heating Tertiary,2010,5482,2.1845300740555745e-05,2010/08/17 09:00:00
ES51,Heating Tertiary,2010,5483,1.9039500645439116e-05,2010/08/17 10:00:00
ES51,Heating Tertiary,2010,5484,1.6872500571977807e-05,2010/08/17 11:00:00
ES51,Heating Tertiary,2010,5485,1.5367500520958302e-05,2010/08/17 12:00:00
ES51,Heating Tertiary,2010,5486,1.4242100482807239e-05,2010/08/17 13:00:00
ES51,Heating Tertiary,2010,5487,1.3487000457209345e-05,2010/08/17 14:00:00
ES51,Heating Tertiary,2010,5488,1.3152100445856235e-05,2010/08/17 15:00:00
ES51,Heating Tertiary,2010,5489,1.3170300446473214e-05,2010/08/17 16:00:00
ES51,Heating Tertiary,2010,5490,1.3304600451025986e-05,2010/08/17 17:00:00
ES51,Heating Tertiary,2010,5491,1.3349600452551486e-05,2010/08/17 18:00:00
ES51,Heating Tertiary,2010,5492,1.3423300455049915e-05,2010/08/17 19:00:00
ES51,Heating Tertiary,2010,5493,1.3752200466199626e-05,2010/08/17 20:00:00
ES51,Heating Tertiary,2010,5494,1.470530049850972e-05,2010/08/17 21:00:00
ES51,Heating Tertiary,2010,5495,1.6552100561116244e-05,2010/08/17 22:00:00
ES51,Heating Tertiary,2010,5496,1.9257400652825927e-05,2010/08/17 23:00:00
ES51,Heating Tertiary,2010,5497,2.2416800759929593e-05,2010/08/18 00:00:00
ES51,Heating Tertiary,2010,5498,2.5392200860795665e-05,2010/08/18 01:00:00
ES51,Heating Tertiary,2010,5499,2.7669000937979196e-05,2010/08/18 02:00:00
ES51,Heating Tertiary,2010,5500,2.903820098439508e-05,2010/08/18 03:00:00
ES51,Heating Tertiary,2010,5501,2.9748101008460694e-05,2010/08/18 04:00:00
ES51,Heating Tertiary,2010,5502,3.0011601017393342e-05,2010/08/18 05:00:00
ES51,Heating Tertiary,2010,5503,2.9456600998578843e-05,2010/08/18 06:00:00
ES51,Heating Tertiary,2010,5504,2.7709500939352142e-05,2010/08/18 07:00:00
ES51,Heating Tertiary,2010,5505,2.4972300846561056e-05,2010/08/18 08:00:00
ES51,Heating Tertiary,2010,5506,2.1845300740555745e-05,2010/08/18 09:00:00
ES51,Heating Tertiary,2010,5507,1.9039500645439116e-05,2010/08/18 10:00:00
ES51,Heating Tertiary,2010,5508,1.6872500571977807e-05,2010/08/18 11:00:00
ES51,Heating Tertiary,2010,5509,1.5367500520958302e-05,2010/08/18 12:00:00
ES51,Heating Tertiary,2010,5510,1.4242100482807239e-05,2010/08/18 13:00:00
ES51,Heating Tertiary,2010,5511,1.3487000457209345e-05,2010/08/18 14:00:00
ES51,Heating Tertiary,2010,5512,1.3152100445856235e-05,2010/08/18 15:00:00
ES51,Heating Tertiary,2010,5513,1.3170300446473214e-05,2010/08/18 16:00:00
ES51,Heating Tertiary,2010,5514,1.3304600451025986e-05,2010/08/18 17:00:00
ES51,Heating Tertiary,2010,5515,1.3349600452551486e-05,2010/08/18 18:00:00
ES51,Heating Tertiary,2010,5516,1.3423300455049915e-05,2010/08/18 19:00:00
ES51,Heating Tertiary,2010,5517,1.3752200466199626e-05,2010/08/18 20:00:00
ES51,Heating Tertiary,2010,5518,1.470530049850972e-05,2010/08/18 21:00:00
ES51,Heating Tertiary,2010,5519,1.6552100561116244e-05,2010/08/18 22:00:00
ES51,Heating Tertiary,2010,5520,1.9257400652825927e-05,2010/08/18 23:00:00
ES51,Heating Tertiary,2010,5521,2.2416800759929593e-05,2010/08/19 00:00:00
ES51,Heating Tertiary,2010,5522,2.5392200860795665e-05,2010/08/19 01:00:00
ES51,Heating Tertiary,2010,5523,2.7669000937979196e-05,2010/08/19 02:00:00
ES51,Heating Tertiary,2010,5524,2.903820098439508e-05,2010/08/19 03:00:00
ES51,Heating Tertiary,2010,5525,2.9748101008460694e-05,2010/08/19 04:00:00
ES51,Heating Tertiary,2010,5526,3.0011601017393342e-05,2010/08/19 05:00:00
ES51,Heating Tertiary,2010,5527,2.9456600998578843e-05,2010/08/19 06:00:00
ES51,Heating Tertiary,2010,5528,2.7709500939352142e-05,2010/08/19 07:00:00
ES51,Heating Tertiary,2010,5529,2.4972300846561056e-05,2010/08/19 08:00:00
ES51,Heating Tertiary,2010,5530,2.1845300740555745e-05,2010/08/19 09:00:00
ES51,Heating Tertiary,2010,5531,1.9039500645439116e-05,2010/08/19 10:00:00
ES51,Heating Tertiary,2010,5532,1.6872500571977807e-05,2010/08/19 11:00:00
ES51,Heating Tertiary,2010,5533,1.5367500520958302e-05,2010/08/19 12:00:00
ES51,Heating Tertiary,2010,5534,1.4242100482807239e-05,2010/08/19 13:00:00
ES51,Heating Tertiary,2010,5535,1.3487000457209345e-05,2010/08/19 14:00:00
ES51,Heating Tertiary,2010,5536,1.3152100445856235e-05,2010/08/19 15:00:00
ES51,Heating Tertiary,2010,5537,1.3170300446473214e-05,2010/08/19 16:00:00
ES51,Heating Tertiary,2010,5538,1.3304600451025986e-05,2010/08/19 17:00:00
ES51,Heating Tertiary,2010,5539,1.3349600452551486e-05,2010/08/19 18:00:00
ES51,Heating Tertiary,2010,5540,1.3423300455049915e-05,2010/08/19 19:00:00
ES51,Heating Tertiary,2010,5541,1.3752200466199626e-05,2010/08/19 20:00:00
ES51,Heating Tertiary,2010,5542,1.470530049850972e-05,2010/08/19 21:00:00
ES51,Heating Tertiary,2010,5543,1.6552100561116244e-05,2010/08/19 22:00:00
ES51,Heating Tertiary,2010,5544,1.9257400652825927e-05,2010/08/19 23:00:00
ES51,Heating Tertiary,2010,5545,2.2416800759929593e-05,2010/08/20 00:00:00
ES51,Heating Tertiary,2010,5546,2.5392200860795665e-05,2010/08/20 01:00:00
ES51,Heating Tertiary,2010,5547,2.7669000937979196e-05,2010/08/20 02:00:00
ES51,Heating Tertiary,2010,5548,2.903820098439508e-05,2010/08/20 03:00:00
ES51,Heating Tertiary,2010,5549,2.9748101008460694e-05,2010/08/20 04:00:00
ES51,Heating Tertiary,2010,5550,3.0011601017393342e-05,2010/08/20 05:00:00
ES51,Heating Tertiary,2010,5551,2.9456600998578843e-05,2010/08/20 06:00:00
ES51,Heating Tertiary,2010,5552,2.7709500939352142e-05,2010/08/20 07:00:00
ES51,Heating Tertiary,2010,5553,2.4972300846561056e-05,2010/08/20 08:00:00
ES51,Heating Tertiary,2010,5554,2.1845300740555745e-05,2010/08/20 09:00:00
ES51,Heating Tertiary,2010,5555,1.9039500645439116e-05,2010/08/20 10:00:00
ES51,Heating Tertiary,2010,5556,1.6872500571977807e-05,2010/08/20 11:00:00
ES51,Heating Tertiary,2010,5557,1.5367500520958302e-05,2010/08/20 12:00:00
ES51,Heating Tertiary,2010,5558,1.4242100482807239e-05,2010/08/20 13:00:00
ES51,Heating Tertiary,2010,5559,1.3487000457209345e-05,2010/08/20 14:00:00
ES51,Heating Tertiary,2010,5560,1.3152100445856235e-05,2010/08/20 15:00:00
ES51,Heating Tertiary,2010,5561,1.3170300446473214e-05,2010/08/20 16:00:00
ES51,Heating Tertiary,2010,5562,1.3304600451025986e-05,2010/08/20 17:00:00
ES51,Heating Tertiary,2010,5563,1.3349600452551486e-05,2010/08/20 18:00:00
ES51,Heating Tertiary,2010,5564,1.3423300455049915e-05,2010/08/20 19:00:00
ES51,Heating Tertiary,2010,5565,1.3752200466199626e-05,2010/08/20 20:00:00
ES51,Heating Tertiary,2010,5566,1.470530049850972e-05,2010/08/20 21:00:00
ES51,Heating Tertiary,2010,5567,1.6552100561116244e-05,2010/08/20 22:00:00
ES51,Heating Tertiary,2010,5568,1.9257400652825927e-05,2010/08/20 23:00:00
ES51,Heating Tertiary,2010,5569,2.349440079646024e-05,2010/08/21 00:00:00
ES51,Heating Tertiary,2010,5570,2.675220090689967e-05,2010/08/21 01:00:00
ES51,Heating Tertiary,2010,5571,2.9133300987618967e-05,2010/08/21 02:00:00
ES51,Heating Tertiary,2010,5572,3.0497701033872133e-05,2010/08/21 03:00:00
ES51,Heating Tertiary,2010,5573,3.1322901061846416e-05,2010/08/21 04:00:00
ES51,Heating Tertiary,2010,5574,3.1755301076504775e-05,2010/08/21 05:00:00
ES51,Heating Tertiary,2010,5575,3.1304101061209095e-05,2010/08/21 06:00:00
ES51,Heating Tertiary,2010,5576,2.960920100375198e-05,2010/08/21 07:00:00
ES51,Heating Tertiary,2010,5577,2.6869900910889702e-05,2010/08/21 08:00:00
ES51,Heating Tertiary,2010,5578,2.364430080154185e-05,2010/08/21 09:00:00
ES51,Heating Tertiary,2010,5579,2.05457006964993e-05,2010/08/21 10:00:00
ES51,Heating Tertiary,2010,5580,1.806450061238661e-05,2010/08/21 11:00:00
ES51,Heating Tertiary,2010,5581,1.6290400552244617e-05,2010/08/21 12:00:00
ES51,Heating Tertiary,2010,5582,1.4988300508103422e-05,2010/08/21 13:00:00
ES51,Heating Tertiary,2010,5583,1.4071100477010338e-05,2010/08/21 14:00:00
ES51,Heating Tertiary,2010,5584,1.3667400463324907e-05,2010/08/21 15:00:00
ES51,Heating Tertiary,2010,5585,1.3719600465094487e-05,2010/08/21 16:00:00
ES51,Heating Tertiary,2010,5586,1.3903400471325307e-05,2010/08/21 17:00:00
ES51,Heating Tertiary,2010,5587,1.3961400473291507e-05,2010/08/21 18:00:00
ES51,Heating Tertiary,2010,5588,1.3949200472877927e-05,2010/08/21 19:00:00
ES51,Heating Tertiary,2010,5589,1.4126000478871447e-05,2010/08/21 20:00:00
ES51,Heating Tertiary,2010,5590,1.4956600507028791e-05,2010/08/21 21:00:00
ES51,Heating Tertiary,2010,5591,1.6886200572442238e-05,2010/08/21 22:00:00
ES51,Heating Tertiary,2010,5592,1.9888200674210047e-05,2010/08/21 23:00:00
ES51,Heating Tertiary,2010,5593,2.3236800787727598e-05,2010/08/22 00:00:00
ES51,Heating Tertiary,2010,5594,2.6768400907448852e-05,2010/08/22 01:00:00
ES51,Heating Tertiary,2010,5595,2.9619901004114713e-05,2010/08/22 02:00:00
ES51,Heating Tertiary,2010,5596,3.1376001063646505e-05,2010/08/22 03:00:00
ES51,Heating Tertiary,2010,5597,3.2174801090725826e-05,2010/08/22 04:00:00
ES51,Heating Tertiary,2010,5598,3.244870110001104e-05,2010/08/22 05:00:00
ES51,Heating Tertiary,2010,5599,3.1865001080223605e-05,2010/08/22 06:00:00
ES51,Heating Tertiary,2010,5600,3.0150701022108832e-05,2010/08/22 07:00:00
ES51,Heating Tertiary,2010,5601,2.7432500929961846e-05,2010/08/22 08:00:00
ES51,Heating Tertiary,2010,5602,2.4225200821234363e-05,2010/08/22 09:00:00
ES51,Heating Tertiary,2010,5603,2.1216700719246202e-05,2010/08/22 10:00:00
ES51,Heating Tertiary,2010,5604,1.8898300640652433e-05,2010/08/22 11:00:00
ES51,Heating Tertiary,2010,5605,1.7297800586395477e-05,2010/08/22 12:00:00
ES51,Heating Tertiary,2010,5606,1.6064200544576433e-05,2010/08/22 13:00:00
ES51,Heating Tertiary,2010,5607,1.5114100512368043e-05,2010/08/22 14:00:00
ES51,Heating Tertiary,2010,5608,1.458940049458071e-05,2010/08/22 15:00:00
ES51,Heating Tertiary,2010,5609,1.435580048666167e-05,2010/08/22 16:00:00
ES51,Heating Tertiary,2010,5610,1.4243300482847918e-05,2010/08/22 17:00:00
ES51,Heating Tertiary,2010,5611,1.4063200476742528e-05,2010/08/22 18:00:00
ES51,Heating Tertiary,2010,5612,1.4001100474637337e-05,2010/08/22 19:00:00
ES51,Heating Tertiary,2010,5613,1.4252200483149628e-05,2010/08/22 20:00:00
ES51,Heating Tertiary,2010,5614,1.5156000513788453e-05,2010/08/22 21:00:00
ES51,Heating Tertiary,2010,5615,1.7014000576774658e-05,2010/08/22 22:00:00
ES51,Heating Tertiary,2010,5616,1.9786100670748857e-05,2010/08/22 23:00:00
ES51,Heating Tertiary,2010,5617,2.2416800759929593e-05,2010/08/23 00:00:00
ES51,Heating Tertiary,2010,5618,2.5392200860795665e-05,2010/08/23 01:00:00
ES51,Heating Tertiary,2010,5619,2.7669000937979196e-05,2010/08/23 02:00:00
ES51,Heating Tertiary,2010,5620,2.903820098439508e-05,2010/08/23 03:00:00
ES51,Heating Tertiary,2010,5621,2.9748101008460694e-05,2010/08/23 04:00:00
ES51,Heating Tertiary,2010,5622,3.0011601017393342e-05,2010/08/23 05:00:00
ES51,Heating Tertiary,2010,5623,2.9456600998578843e-05,2010/08/23 06:00:00
ES51,Heating Tertiary,2010,5624,2.7709500939352142e-05,2010/08/23 07:00:00
ES51,Heating Tertiary,2010,5625,2.4972300846561056e-05,2010/08/23 08:00:00
ES51,Heating Tertiary,2010,5626,2.1845300740555745e-05,2010/08/23 09:00:00
ES51,Heating Tertiary,2010,5627,1.9039500645439116e-05,2010/08/23 10:00:00
ES51,Heating Tertiary,2010,5628,1.6872500571977807e-05,2010/08/23 11:00:00
ES51,Heating Tertiary,2010,5629,1.5367500520958302e-05,2010/08/23 12:00:00
ES51,Heating Tertiary,2010,5630,1.4242100482807239e-05,2010/08/23 13:00:00
ES51,Heating Tertiary,2010,5631,1.3487000457209345e-05,2010/08/23 14:00:00
ES51,Heating Tertiary,2010,5632,1.3152100445856235e-05,2010/08/23 15:00:00
ES51,Heating Tertiary,2010,5633,1.3170300446473214e-05,2010/08/23 16:00:00
ES51,Heating Tertiary,2010,5634,1.3304600451025986e-05,2010/08/23 17:00:00
ES51,Heating Tertiary,2010,5635,1.3349600452551486e-05,2010/08/23 18:00:00
ES51,Heating Tertiary,2010,5636,1.3423300455049915e-05,2010/08/23 19:00:00
ES51,Heating Tertiary,2010,5637,1.3752200466199626e-05,2010/08/23 20:00:00
ES51,Heating Tertiary,2010,5638,1.470530049850972e-05,2010/08/23 21:00:00
ES51,Heating Tertiary,2010,5639,1.6552100561116244e-05,2010/08/23 22:00:00
ES51,Heating Tertiary,2010,5640,1.9257400652825927e-05,2010/08/23 23:00:00
ES51,Heating Tertiary,2010,5641,2.2416800759929593e-05,2010/08/24 00:00:00
ES51,Heating Tertiary,2010,5642,2.5392200860795665e-05,2010/08/24 01:00:00
ES51,Heating Tertiary,2010,5643,2.7669000937979196e-05,2010/08/24 02:00:00
ES51,Heating Tertiary,2010,5644,2.903820098439508e-05,2010/08/24 03:00:00
ES51,Heating Tertiary,2010,5645,2.9748101008460694e-05,2010/08/24 04:00:00
ES51,Heating Tertiary,2010,5646,3.0011601017393342e-05,2010/08/24 05:00:00
ES51,Heating Tertiary,2010,5647,2.9456600998578843e-05,2010/08/24 06:00:00
ES51,Heating Tertiary,2010,5648,2.7709500939352142e-05,2010/08/24 07:00:00
ES51,Heating Tertiary,2010,5649,2.4972300846561056e-05,2010/08/24 08:00:00
ES51,Heating Tertiary,2010,5650,2.1845300740555745e-05,2010/08/24 09:00:00
ES51,Heating Tertiary,2010,5651,1.9039500645439116e-05,2010/08/24 10:00:00
ES51,Heating Tertiary,2010,5652,1.6872500571977807e-05,2010/08/24 11:00:00
ES51,Heating Tertiary,2010,5653,1.5367500520958302e-05,2010/08/24 12:00:00
ES51,Heating Tertiary,2010,5654,1.4242100482807239e-05,2010/08/24 13:00:00
ES51,Heating Tertiary,2010,5655,1.3487000457209345e-05,2010/08/24 14:00:00
ES51,Heating Tertiary,2010,5656,1.3152100445856235e-05,2010/08/24 15:00:00
ES51,Heating Tertiary,2010,5657,1.3170300446473214e-05,2010/08/24 16:00:00
ES51,Heating Tertiary,2010,5658,1.3304600451025986e-05,2010/08/24 17:00:00
ES51,Heating Tertiary,2010,5659,1.3349600452551486e-05,2010/08/24 18:00:00
ES51,Heating Tertiary,2010,5660,1.3423300455049915e-05,2010/08/24 19:00:00
ES51,Heating Tertiary,2010,5661,1.3752200466199626e-05,2010/08/24 20:00:00
ES51,Heating Tertiary,2010,5662,1.470530049850972e-05,2010/08/24 21:00:00
ES51,Heating Tertiary,2010,5663,1.6552100561116244e-05,2010/08/24 22:00:00
ES51,Heating Tertiary,2010,5664,1.9257400652825927e-05,2010/08/24 23:00:00
ES51,Heating Tertiary,2010,5665,2.2416800759929593e-05,2010/08/25 00:00:00
ES51,Heating Tertiary,2010,5666,2.5392200860795665e-05,2010/08/25 01:00:00
ES51,Heating Tertiary,2010,5667,2.7669000937979196e-05,2010/08/25 02:00:00
ES51,Heating Tertiary,2010,5668,2.903820098439508e-05,2010/08/25 03:00:00
ES51,Heating Tertiary,2010,5669,2.9748101008460694e-05,2010/08/25 04:00:00
ES51,Heating Tertiary,2010,5670,3.0011601017393342e-05,2010/08/25 05:00:00
ES51,Heating Tertiary,2010,5671,2.9456600998578843e-05,2010/08/25 06:00:00
ES51,Heating Tertiary,2010,5672,2.7709500939352142e-05,2010/08/25 07:00:00
ES51,Heating Tertiary,2010,5673,2.4972300846561056e-05,2010/08/25 08:00:00
ES51,Heating Tertiary,2010,5674,2.1845300740555745e-05,2010/08/25 09:00:00
ES51,Heating Tertiary,2010,5675,1.9039500645439116e-05,2010/08/25 10:00:00
ES51,Heating Tertiary,2010,5676,1.6872500571977807e-05,2010/08/25 11:00:00
ES51,Heating Tertiary,2010,5677,1.5367500520958302e-05,2010/08/25 12:00:00
ES51,Heating Tertiary,2010,5678,1.4242100482807239e-05,2010/08/25 13:00:00
ES51,Heating Tertiary,2010,5679,1.3487000457209345e-05,2010/08/25 14:00:00
ES51,Heating Tertiary,2010,5680,1.3152100445856235e-05,2010/08/25 15:00:00
ES51,Heating Tertiary,2010,5681,1.3170300446473214e-05,2010/08/25 16:00:00
ES51,Heating Tertiary,2010,5682,1.3304600451025986e-05,2010/08/25 17:00:00
ES51,Heating Tertiary,2010,5683,1.3349600452551486e-05,2010/08/25 18:00:00
ES51,Heating Tertiary,2010,5684,1.3423300455049915e-05,2010/08/25 19:00:00
ES51,Heating Tertiary,2010,5685,1.3752200466199626e-05,2010/08/25 20:00:00
ES51,Heating Tertiary,2010,5686,1.470530049850972e-05,2010/08/25 21:00:00
ES51,Heating Tertiary,2010,5687,1.6552100561116244e-05,2010/08/25 22:00:00
ES51,Heating Tertiary,2010,5688,1.9257400652825927e-05,2010/08/25 23:00:00
ES51,Heating Tertiary,2010,5689,2.2416800759929593e-05,2010/08/26 00:00:00
ES51,Heating Tertiary,2010,5690,2.5392200860795665e-05,2010/08/26 01:00:00
ES51,Heating Tertiary,2010,5691,2.7669000937979196e-05,2010/08/26 02:00:00
ES51,Heating Tertiary,2010,5692,2.903820098439508e-05,2010/08/26 03:00:00
ES51,Heating Tertiary,2010,5693,2.9748101008460694e-05,2010/08/26 04:00:00
ES51,Heating Tertiary,2010,5694,3.0011601017393342e-05,2010/08/26 05:00:00
ES51,Heating Tertiary,2010,5695,2.9456600998578843e-05,2010/08/26 06:00:00
ES51,Heating Tertiary,2010,5696,2.7709500939352142e-05,2010/08/26 07:00:00
ES51,Heating Tertiary,2010,5697,2.4972300846561056e-05,2010/08/26 08:00:00
ES51,Heating Tertiary,2010,5698,2.1845300740555745e-05,2010/08/26 09:00:00
ES51,Heating Tertiary,2010,5699,1.9039500645439116e-05,2010/08/26 10:00:00
ES51,Heating Tertiary,2010,5700,1.6872500571977807e-05,2010/08/26 11:00:00
ES51,Heating Tertiary,2010,5701,1.5367500520958302e-05,2010/08/26 12:00:00
ES51,Heating Tertiary,2010,5702,1.4242100482807239e-05,2010/08/26 13:00:00
ES51,Heating Tertiary,2010,5703,1.3487000457209345e-05,2010/08/26 14:00:00
ES51,Heating Tertiary,2010,5704,1.3152100445856235e-05,2010/08/26 15:00:00
ES51,Heating Tertiary,2010,5705,1.3170300446473214e-05,2010/08/26 16:00:00
ES51,Heating Tertiary,2010,5706,1.3304600451025986e-05,2010/08/26 17:00:00
ES51,Heating Tertiary,2010,5707,1.3349600452551486e-05,2010/08/26 18:00:00
ES51,Heating Tertiary,2010,5708,1.3423300455049915e-05,2010/08/26 19:00:00
ES51,Heating Tertiary,2010,5709,1.3752200466199626e-05,2010/08/26 20:00:00
ES51,Heating Tertiary,2010,5710,1.470530049850972e-05,2010/08/26 21:00:00
ES51,Heating Tertiary,2010,5711,1.6552100561116244e-05,2010/08/26 22:00:00
ES51,Heating Tertiary,2010,5712,1.9257400652825927e-05,2010/08/26 23:00:00
ES51,Heating Tertiary,2010,5713,2.2416800759929593e-05,2010/08/27 00:00:00
ES51,Heating Tertiary,2010,5714,2.5392200860795665e-05,2010/08/27 01:00:00
ES51,Heating Tertiary,2010,5715,2.7669000937979196e-05,2010/08/27 02:00:00
ES51,Heating Tertiary,2010,5716,2.903820098439508e-05,2010/08/27 03:00:00
ES51,Heating Tertiary,2010,5717,2.9748101008460694e-05,2010/08/27 04:00:00
ES51,Heating Tertiary,2010,5718,3.0011601017393342e-05,2010/08/27 05:00:00
ES51,Heating Tertiary,2010,5719,2.9456600998578843e-05,2010/08/27 06:00:00
ES51,Heating Tertiary,2010,5720,2.7709500939352142e-05,2010/08/27 07:00:00
ES51,Heating Tertiary,2010,5721,2.4972300846561056e-05,2010/08/27 08:00:00
ES51,Heating Tertiary,2010,5722,2.1845300740555745e-05,2010/08/27 09:00:00
ES51,Heating Tertiary,2010,5723,1.9039500645439116e-05,2010/08/27 10:00:00
ES51,Heating Tertiary,2010,5724,1.6872500571977807e-05,2010/08/27 11:00:00
ES51,Heating Tertiary,2010,5725,1.5367500520958302e-05,2010/08/27 12:00:00
ES51,Heating Tertiary,2010,5726,1.4242100482807239e-05,2010/08/27 13:00:00
ES51,Heating Tertiary,2010,5727,1.3487000457209345e-05,2010/08/27 14:00:00
ES51,Heating Tertiary,2010,5728,1.3152100445856235e-05,2010/08/27 15:00:00
ES51,Heating Tertiary,2010,5729,1.3170300446473214e-05,2010/08/27 16:00:00
ES51,Heating Tertiary,2010,5730,1.3304600451025986e-05,2010/08/27 17:00:00
ES51,Heating Tertiary,2010,5731,1.3349600452551486e-05,2010/08/27 18:00:00
ES51,Heating Tertiary,2010,5732,1.3423300455049915e-05,2010/08/27 19:00:00
ES51,Heating Tertiary,2010,5733,1.3752200466199626e-05,2010/08/27 20:00:00
ES51,Heating Tertiary,2010,5734,1.470530049850972e-05,2010/08/27 21:00:00
ES51,Heating Tertiary,2010,5735,1.6552100561116244e-05,2010/08/27 22:00:00
ES51,Heating Tertiary,2010,5736,1.9257400652825927e-05,2010/08/27 23:00:00
ES51,Heating Tertiary,2010,5737,2.349440079646024e-05,2010/08/28 00:00:00
ES51,Heating Tertiary,2010,5738,2.675220090689967e-05,2010/08/28 01:00:00
ES51,Heating Tertiary,2010,5739,2.9133300987618967e-05,2010/08/28 02:00:00
ES51,Heating Tertiary,2010,5740,3.0497701033872133e-05,2010/08/28 03:00:00
ES51,Heating Tertiary,2010,5741,3.1322901061846416e-05,2010/08/28 04:00:00
ES51,Heating Tertiary,2010,5742,3.1755301076504775e-05,2010/08/28 05:00:00
ES51,Heating Tertiary,2010,5743,3.1304101061209095e-05,2010/08/28 06:00:00
ES51,Heating Tertiary,2010,5744,2.960920100375198e-05,2010/08/28 07:00:00
ES51,Heating Tertiary,2010,5745,2.6869900910889702e-05,2010/08/28 08:00:00
ES51,Heating Tertiary,2010,5746,2.364430080154185e-05,2010/08/28 09:00:00
ES51,Heating Tertiary,2010,5747,2.05457006964993e-05,2010/08/28 10:00:00
ES51,Heating Tertiary,2010,5748,1.806450061238661e-05,2010/08/28 11:00:00
ES51,Heating Tertiary,2010,5749,1.6290400552244617e-05,2010/08/28 12:00:00
ES51,Heating Tertiary,2010,5750,1.4988300508103422e-05,2010/08/28 13:00:00
ES51,Heating Tertiary,2010,5751,1.4071100477010338e-05,2010/08/28 14:00:00
ES51,Heating Tertiary,2010,5752,1.3667400463324907e-05,2010/08/28 15:00:00
ES51,Heating Tertiary,2010,5753,1.3719600465094487e-05,2010/08/28 16:00:00
ES51,Heating Tertiary,2010,5754,1.3903400471325307e-05,2010/08/28 17:00:00
ES51,Heating Tertiary,2010,5755,1.3961400473291507e-05,2010/08/28 18:00:00
ES51,Heating Tertiary,2010,5756,1.3949200472877927e-05,2010/08/28 19:00:00
ES51,Heating Tertiary,2010,5757,1.4126000478871447e-05,2010/08/28 20:00:00
ES51,Heating Tertiary,2010,5758,1.4956600507028791e-05,2010/08/28 21:00:00
ES51,Heating Tertiary,2010,5759,1.6886200572442238e-05,2010/08/28 22:00:00
ES51,Heating Tertiary,2010,5760,1.9888200674210047e-05,2010/08/28 23:00:00
ES51,Heating Tertiary,2010,5761,2.3236800787727598e-05,2010/08/29 00:00:00
ES51,Heating Tertiary,2010,5762,2.6768400907448852e-05,2010/08/29 01:00:00
ES51,Heating Tertiary,2010,5763,2.9619901004114713e-05,2010/08/29 02:00:00
ES51,Heating Tertiary,2010,5764,3.1376001063646505e-05,2010/08/29 03:00:00
ES51,Heating Tertiary,2010,5765,3.2174801090725826e-05,2010/08/29 04:00:00
ES51,Heating Tertiary,2010,5766,3.244870110001104e-05,2010/08/29 05:00:00
ES51,Heating Tertiary,2010,5767,3.1865001080223605e-05,2010/08/29 06:00:00
ES51,Heating Tertiary,2010,5768,3.0150701022108832e-05,2010/08/29 07:00:00
ES51,Heating Tertiary,2010,5769,2.7432500929961846e-05,2010/08/29 08:00:00
ES51,Heating Tertiary,2010,5770,2.4225200821234363e-05,2010/08/29 09:00:00
ES51,Heating Tertiary,2010,5771,2.1216700719246202e-05,2010/08/29 10:00:00
ES51,Heating Tertiary,2010,5772,1.8898300640652433e-05,2010/08/29 11:00:00
ES51,Heating Tertiary,2010,5773,1.7297800586395477e-05,2010/08/29 12:00:00
ES51,Heating Tertiary,2010,5774,1.6064200544576433e-05,2010/08/29 13:00:00
ES51,Heating Tertiary,2010,5775,1.5114100512368043e-05,2010/08/29 14:00:00
ES51,Heating Tertiary,2010,5776,1.458940049458071e-05,2010/08/29 15:00:00
ES51,Heating Tertiary,2010,5777,1.435580048666167e-05,2010/08/29 16:00:00
ES51,Heating Tertiary,2010,5778,1.4243300482847918e-05,2010/08/29 17:00:00
ES51,Heating Tertiary,2010,5779,1.4063200476742528e-05,2010/08/29 18:00:00
ES51,Heating Tertiary,2010,5780,1.4001100474637337e-05,2010/08/29 19:00:00
ES51,Heating Tertiary,2010,5781,1.4252200483149628e-05,2010/08/29 20:00:00
ES51,Heating Tertiary,2010,5782,1.5156000513788453e-05,2010/08/29 21:00:00
ES51,Heating Tertiary,2010,5783,1.7014000576774658e-05,2010/08/29 22:00:00
ES51,Heating Tertiary,2010,5784,1.9786100670748857e-05,2010/08/29 23:00:00
ES51,Heating Tertiary,2010,5785,2.2416800759929593e-05,2010/08/30 00:00:00
ES51,Heating Tertiary,2010,5786,2.5392200860795665e-05,2010/08/30 01:00:00
ES51,Heating Tertiary,2010,5787,2.7669000937979196e-05,2010/08/30 02:00:00
ES51,Heating Tertiary,2010,5788,2.903820098439508e-05,2010/08/30 03:00:00
ES51,Heating Tertiary,2010,5789,2.9748101008460694e-05,2010/08/30 04:00:00
ES51,Heating Tertiary,2010,5790,3.0011601017393342e-05,2010/08/30 05:00:00
ES51,Heating Tertiary,2010,5791,2.9456600998578843e-05,2010/08/30 06:00:00
ES51,Heating Tertiary,2010,5792,2.7709500939352142e-05,2010/08/30 07:00:00
ES51,Heating Tertiary,2010,5793,2.4972300846561056e-05,2010/08/30 08:00:00
ES51,Heating Tertiary,2010,5794,2.1845300740555745e-05,2010/08/30 09:00:00
ES51,Heating Tertiary,2010,5795,1.9039500645439116e-05,2010/08/30 10:00:00
ES51,Heating Tertiary,2010,5796,1.6872500571977807e-05,2010/08/30 11:00:00
ES51,Heating Tertiary,2010,5797,1.5367500520958302e-05,2010/08/30 12:00:00
ES51,Heating Tertiary,2010,5798,1.4242100482807239e-05,2010/08/30 13:00:00
ES51,Heating Tertiary,2010,5799,1.3487000457209345e-05,2010/08/30 14:00:00
ES51,Heating Tertiary,2010,5800,1.3152100445856235e-05,2010/08/30 15:00:00
ES51,Heating Tertiary,2010,5801,1.3170300446473214e-05,2010/08/30 16:00:00
ES51,Heating Tertiary,2010,5802,1.3304600451025986e-05,2010/08/30 17:00:00
ES51,Heating Tertiary,2010,5803,1.3349600452551486e-05,2010/08/30 18:00:00
ES51,Heating Tertiary,2010,5804,1.3423300455049915e-05,2010/08/30 19:00:00
ES51,Heating Tertiary,2010,5805,1.3752200466199626e-05,2010/08/30 20:00:00
ES51,Heating Tertiary,2010,5806,1.470530049850972e-05,2010/08/30 21:00:00
ES51,Heating Tertiary,2010,5807,1.6552100561116244e-05,2010/08/30 22:00:00
ES51,Heating Tertiary,2010,5808,1.9257400652825927e-05,2010/08/30 23:00:00
ES51,Heating Tertiary,2010,5809,2.2416800759929593e-05,2010/08/31 00:00:00
ES51,Heating Tertiary,2010,5810,2.5392200860795665e-05,2010/08/31 01:00:00
ES51,Heating Tertiary,2010,5811,2.7669000937979196e-05,2010/08/31 02:00:00
ES51,Heating Tertiary,2010,5812,2.903820098439508e-05,2010/08/31 03:00:00
ES51,Heating Tertiary,2010,5813,2.9748101008460694e-05,2010/08/31 04:00:00
ES51,Heating Tertiary,2010,5814,3.0011601017393342e-05,2010/08/31 05:00:00
ES51,Heating Tertiary,2010,5815,2.9456600998578843e-05,2010/08/31 06:00:00
ES51,Heating Tertiary,2010,5816,2.7709500939352142e-05,2010/08/31 07:00:00
ES51,Heating Tertiary,2010,5817,2.4972300846561056e-05,2010/08/31 08:00:00
ES51,Heating Tertiary,2010,5818,2.1845300740555745e-05,2010/08/31 09:00:00
ES51,Heating Tertiary,2010,5819,1.9039500645439116e-05,2010/08/31 10:00:00
ES51,Heating Tertiary,2010,5820,1.6872500571977807e-05,2010/08/31 11:00:00
ES51,Heating Tertiary,2010,5821,1.5367500520958302e-05,2010/08/31 12:00:00
ES51,Heating Tertiary,2010,5822,1.4242100482807239e-05,2010/08/31 13:00:00
ES51,Heating Tertiary,2010,5823,1.3487000457209345e-05,2010/08/31 14:00:00
ES51,Heating Tertiary,2010,5824,1.3152100445856235e-05,2010/08/31 15:00:00
ES51,Heating Tertiary,2010,5825,1.3170300446473214e-05,2010/08/31 16:00:00
ES51,Heating Tertiary,2010,5826,1.3304600451025986e-05,2010/08/31 17:00:00
ES51,Heating Tertiary,2010,5827,1.3349600452551486e-05,2010/08/31 18:00:00
ES51,Heating Tertiary,2010,5828,1.3423300455049915e-05,2010/08/31 19:00:00
ES51,Heating Tertiary,2010,5829,1.3752200466199626e-05,2010/08/31 20:00:00
ES51,Heating Tertiary,2010,5830,1.470530049850972e-05,2010/08/31 21:00:00
ES51,Heating Tertiary,2010,5831,1.6552100561116244e-05,2010/08/31 22:00:00
ES51,Heating Tertiary,2010,5832,1.9257400652825927e-05,2010/08/31 23:00:00
ES51,Heating Tertiary,2010,5833,2.2416800759929593e-05,2010/09/01 00:00:00
ES51,Heating Tertiary,2010,5834,2.5392200860795665e-05,2010/09/01 01:00:00
ES51,Heating Tertiary,2010,5835,2.7669000937979196e-05,2010/09/01 02:00:00
ES51,Heating Tertiary,2010,5836,2.903820098439508e-05,2010/09/01 03:00:00
ES51,Heating Tertiary,2010,5837,2.9748101008460694e-05,2010/09/01 04:00:00
ES51,Heating Tertiary,2010,5838,3.0011601017393342e-05,2010/09/01 05:00:00
ES51,Heating Tertiary,2010,5839,2.9456600998578843e-05,2010/09/01 06:00:00
ES51,Heating Tertiary,2010,5840,2.7709500939352142e-05,2010/09/01 07:00:00
ES51,Heating Tertiary,2010,5841,2.4972300846561056e-05,2010/09/01 08:00:00
ES51,Heating Tertiary,2010,5842,2.1845300740555745e-05,2010/09/01 09:00:00
ES51,Heating Tertiary,2010,5843,1.9039500645439116e-05,2010/09/01 10:00:00
ES51,Heating Tertiary,2010,5844,1.6872500571977807e-05,2010/09/01 11:00:00
ES51,Heating Tertiary,2010,5845,1.5367500520958302e-05,2010/09/01 12:00:00
ES51,Heating Tertiary,2010,5846,1.4242100482807239e-05,2010/09/01 13:00:00
ES51,Heating Tertiary,2010,5847,1.3487000457209345e-05,2010/09/01 14:00:00
ES51,Heating Tertiary,2010,5848,1.3152100445856235e-05,2010/09/01 15:00:00
ES51,Heating Tertiary,2010,5849,1.3170300446473214e-05,2010/09/01 16:00:00
ES51,Heating Tertiary,2010,5850,1.3304600451025986e-05,2010/09/01 17:00:00
ES51,Heating Tertiary,2010,5851,1.3349600452551486e-05,2010/09/01 18:00:00
ES51,Heating Tertiary,2010,5852,1.3423300455049915e-05,2010/09/01 19:00:00
ES51,Heating Tertiary,2010,5853,1.3752200466199626e-05,2010/09/01 20:00:00
ES51,Heating Tertiary,2010,5854,1.470530049850972e-05,2010/09/01 21:00:00
ES51,Heating Tertiary,2010,5855,1.6552100561116244e-05,2010/09/01 22:00:00
ES51,Heating Tertiary,2010,5856,1.9257400652825927e-05,2010/09/01 23:00:00
ES51,Heating Tertiary,2010,5857,2.2416800759929593e-05,2010/09/02 00:00:00
ES51,Heating Tertiary,2010,5858,2.5392200860795665e-05,2010/09/02 01:00:00
ES51,Heating Tertiary,2010,5859,2.7669000937979196e-05,2010/09/02 02:00:00
ES51,Heating Tertiary,2010,5860,2.903820098439508e-05,2010/09/02 03:00:00
ES51,Heating Tertiary,2010,5861,2.9748101008460694e-05,2010/09/02 04:00:00
ES51,Heating Tertiary,2010,5862,3.0011601017393342e-05,2010/09/02 05:00:00
ES51,Heating Tertiary,2010,5863,2.9456600998578843e-05,2010/09/02 06:00:00
ES51,Heating Tertiary,2010,5864,2.7709500939352142e-05,2010/09/02 07:00:00
ES51,Heating Tertiary,2010,5865,2.4972300846561056e-05,2010/09/02 08:00:00
ES51,Heating Tertiary,2010,5866,2.1845300740555745e-05,2010/09/02 09:00:00
ES51,Heating Tertiary,2010,5867,1.9039500645439116e-05,2010/09/02 10:00:00
ES51,Heating Tertiary,2010,5868,1.6872500571977807e-05,2010/09/02 11:00:00
ES51,Heating Tertiary,2010,5869,1.5367500520958302e-05,2010/09/02 12:00:00
ES51,Heating Tertiary,2010,5870,1.4242100482807239e-05,2010/09/02 13:00:00
ES51,Heating Tertiary,2010,5871,1.3487000457209345e-05,2010/09/02 14:00:00
ES51,Heating Tertiary,2010,5872,1.3152100445856235e-05,2010/09/02 15:00:00
ES51,Heating Tertiary,2010,5873,1.3170300446473214e-05,2010/09/02 16:00:00
ES51,Heating Tertiary,2010,5874,1.3304600451025986e-05,2010/09/02 17:00:00
ES51,Heating Tertiary,2010,5875,1.3349600452551486e-05,2010/09/02 18:00:00
ES51,Heating Tertiary,2010,5876,1.3423300455049915e-05,2010/09/02 19:00:00
ES51,Heating Tertiary,2010,5877,1.3752200466199626e-05,2010/09/02 20:00:00
ES51,Heating Tertiary,2010,5878,1.470530049850972e-05,2010/09/02 21:00:00
ES51,Heating Tertiary,2010,5879,1.6552100561116244e-05,2010/09/02 22:00:00
ES51,Heating Tertiary,2010,5880,1.9257400652825927e-05,2010/09/02 23:00:00
ES51,Heating Tertiary,2010,5881,2.2416800759929593e-05,2010/09/03 00:00:00
ES51,Heating Tertiary,2010,5882,2.5392200860795665e-05,2010/09/03 01:00:00
ES51,Heating Tertiary,2010,5883,2.7669000937979196e-05,2010/09/03 02:00:00
ES51,Heating Tertiary,2010,5884,2.903820098439508e-05,2010/09/03 03:00:00
ES51,Heating Tertiary,2010,5885,2.9748101008460694e-05,2010/09/03 04:00:00
ES51,Heating Tertiary,2010,5886,3.0011601017393342e-05,2010/09/03 05:00:00
ES51,Heating Tertiary,2010,5887,2.9456600998578843e-05,2010/09/03 06:00:00
ES51,Heating Tertiary,2010,5888,2.7709500939352142e-05,2010/09/03 07:00:00
ES51,Heating Tertiary,2010,5889,2.4972300846561056e-05,2010/09/03 08:00:00
ES51,Heating Tertiary,2010,5890,2.1845300740555745e-05,2010/09/03 09:00:00
ES51,Heating Tertiary,2010,5891,1.9039500645439116e-05,2010/09/03 10:00:00
ES51,Heating Tertiary,2010,5892,1.6872500571977807e-05,2010/09/03 11:00:00
ES51,Heating Tertiary,2010,5893,1.5367500520958302e-05,2010/09/03 12:00:00
ES51,Heating Tertiary,2010,5894,1.4242100482807239e-05,2010/09/03 13:00:00
ES51,Heating Tertiary,2010,5895,1.3487000457209345e-05,2010/09/03 14:00:00
ES51,Heating Tertiary,2010,5896,1.3152100445856235e-05,2010/09/03 15:00:00
ES51,Heating Tertiary,2010,5897,1.3170300446473214e-05,2010/09/03 16:00:00
ES51,Heating Tertiary,2010,5898,1.3304600451025986e-05,2010/09/03 17:00:00
ES51,Heating Tertiary,2010,5899,1.3349600452551486e-05,2010/09/03 18:00:00
ES51,Heating Tertiary,2010,5900,1.3423300455049915e-05,2010/09/03 19:00:00
ES51,Heating Tertiary,2010,5901,1.3752200466199626e-05,2010/09/03 20:00:00
ES51,Heating Tertiary,2010,5902,1.470530049850972e-05,2010/09/03 21:00:00
ES51,Heating Tertiary,2010,5903,1.6552100561116244e-05,2010/09/03 22:00:00
ES51,Heating Tertiary,2010,5904,1.9257400652825927e-05,2010/09/03 23:00:00
ES51,Heating Tertiary,2010,5905,2.349440079646024e-05,2010/09/04 00:00:00
ES51,Heating Tertiary,2010,5906,2.675220090689967e-05,2010/09/04 01:00:00
ES51,Heating Tertiary,2010,5907,2.9133300987618967e-05,2010/09/04 02:00:00
ES51,Heating Tertiary,2010,5908,3.0497701033872133e-05,2010/09/04 03:00:00
ES51,Heating Tertiary,2010,5909,3.1322901061846416e-05,2010/09/04 04:00:00
ES51,Heating Tertiary,2010,5910,3.1755301076504775e-05,2010/09/04 05:00:00
ES51,Heating Tertiary,2010,5911,3.1304101061209095e-05,2010/09/04 06:00:00
ES51,Heating Tertiary,2010,5912,2.960920100375198e-05,2010/09/04 07:00:00
ES51,Heating Tertiary,2010,5913,2.6869900910889702e-05,2010/09/04 08:00:00
ES51,Heating Tertiary,2010,5914,2.364430080154185e-05,2010/09/04 09:00:00
ES51,Heating Tertiary,2010,5915,2.05457006964993e-05,2010/09/04 10:00:00
ES51,Heating Tertiary,2010,5916,1.806450061238661e-05,2010/09/04 11:00:00
ES51,Heating Tertiary,2010,5917,1.6290400552244617e-05,2010/09/04 12:00:00
ES51,Heating Tertiary,2010,5918,1.4988300508103422e-05,2010/09/04 13:00:00
ES51,Heating Tertiary,2010,5919,1.4071100477010338e-05,2010/09/04 14:00:00
ES51,Heating Tertiary,2010,5920,1.3667400463324907e-05,2010/09/04 15:00:00
ES51,Heating Tertiary,2010,5921,1.3719600465094487e-05,2010/09/04 16:00:00
ES51,Heating Tertiary,2010,5922,1.3903400471325307e-05,2010/09/04 17:00:00
ES51,Heating Tertiary,2010,5923,1.3961400473291507e-05,2010/09/04 18:00:00
ES51,Heating Tertiary,2010,5924,1.3949200472877927e-05,2010/09/04 19:00:00
ES51,Heating Tertiary,2010,5925,1.4126000478871447e-05,2010/09/04 20:00:00
ES51,Heating Tertiary,2010,5926,1.4956600507028791e-05,2010/09/04 21:00:00
ES51,Heating Tertiary,2010,5927,1.6886200572442238e-05,2010/09/04 22:00:00
ES51,Heating Tertiary,2010,5928,1.9888200674210047e-05,2010/09/04 23:00:00
ES51,Heating Tertiary,2010,5929,2.3236800787727598e-05,2010/09/05 00:00:00
ES51,Heating Tertiary,2010,5930,2.6768400907448852e-05,2010/09/05 01:00:00
ES51,Heating Tertiary,2010,5931,2.9619901004114713e-05,2010/09/05 02:00:00
ES51,Heating Tertiary,2010,5932,3.1376001063646505e-05,2010/09/05 03:00:00
ES51,Heating Tertiary,2010,5933,3.2174801090725826e-05,2010/09/05 04:00:00
ES51,Heating Tertiary,2010,5934,3.244870110001104e-05,2010/09/05 05:00:00
ES51,Heating Tertiary,2010,5935,3.1865001080223605e-05,2010/09/05 06:00:00
ES51,Heating Tertiary,2010,5936,3.0150701022108832e-05,2010/09/05 07:00:00
ES51,Heating Tertiary,2010,5937,2.7432500929961846e-05,2010/09/05 08:00:00
ES51,Heating Tertiary,2010,5938,2.4225200821234363e-05,2010/09/05 09:00:00
ES51,Heating Tertiary,2010,5939,2.1216700719246202e-05,2010/09/05 10:00:00
ES51,Heating Tertiary,2010,5940,1.8898300640652433e-05,2010/09/05 11:00:00
ES51,Heating Tertiary,2010,5941,1.7297800586395477e-05,2010/09/05 12:00:00
ES51,Heating Tertiary,2010,5942,1.6064200544576433e-05,2010/09/05 13:00:00
ES51,Heating Tertiary,2010,5943,1.5114100512368043e-05,2010/09/05 14:00:00
ES51,Heating Tertiary,2010,5944,1.458940049458071e-05,2010/09/05 15:00:00
ES51,Heating Tertiary,2010,5945,1.435580048666167e-05,2010/09/05 16:00:00
ES51,Heating Tertiary,2010,5946,1.4243300482847918e-05,2010/09/05 17:00:00
ES51,Heating Tertiary,2010,5947,1.4063200476742528e-05,2010/09/05 18:00:00
ES51,Heating Tertiary,2010,5948,1.4001100474637337e-05,2010/09/05 19:00:00
ES51,Heating Tertiary,2010,5949,1.4252200483149628e-05,2010/09/05 20:00:00
ES51,Heating Tertiary,2010,5950,1.5156000513788453e-05,2010/09/05 21:00:00
ES51,Heating Tertiary,2010,5951,1.7014000576774658e-05,2010/09/05 22:00:00
ES51,Heating Tertiary,2010,5952,1.9786100670748857e-05,2010/09/05 23:00:00
ES51,Heating Tertiary,2010,5953,2.2416800759929593e-05,2010/09/06 00:00:00
ES51,Heating Tertiary,2010,5954,2.5392200860795665e-05,2010/09/06 01:00:00
ES51,Heating Tertiary,2010,5955,2.7669000937979196e-05,2010/09/06 02:00:00
ES51,Heating Tertiary,2010,5956,2.903820098439508e-05,2010/09/06 03:00:00
ES51,Heating Tertiary,2010,5957,2.9748101008460694e-05,2010/09/06 04:00:00
ES51,Heating Tertiary,2010,5958,3.0011601017393342e-05,2010/09/06 05:00:00
ES51,Heating Tertiary,2010,5959,2.9456600998578843e-05,2010/09/06 06:00:00
ES51,Heating Tertiary,2010,5960,2.7709500939352142e-05,2010/09/06 07:00:00
ES51,Heating Tertiary,2010,5961,2.4972300846561056e-05,2010/09/06 08:00:00
ES51,Heating Tertiary,2010,5962,2.1845300740555745e-05,2010/09/06 09:00:00
ES51,Heating Tertiary,2010,5963,1.9039500645439116e-05,2010/09/06 10:00:00
ES51,Heating Tertiary,2010,5964,1.6872500571977807e-05,2010/09/06 11:00:00
ES51,Heating Tertiary,2010,5965,1.5367500520958302e-05,2010/09/06 12:00:00
ES51,Heating Tertiary,2010,5966,1.4242100482807239e-05,2010/09/06 13:00:00
ES51,Heating Tertiary,2010,5967,1.3487000457209345e-05,2010/09/06 14:00:00
ES51,Heating Tertiary,2010,5968,1.3152100445856235e-05,2010/09/06 15:00:00
ES51,Heating Tertiary,2010,5969,1.3170300446473214e-05,2010/09/06 16:00:00
ES51,Heating Tertiary,2010,5970,1.3304600451025986e-05,2010/09/06 17:00:00
ES51,Heating Tertiary,2010,5971,1.3349600452551486e-05,2010/09/06 18:00:00
ES51,Heating Tertiary,2010,5972,1.3423300455049915e-05,2010/09/06 19:00:00
ES51,Heating Tertiary,2010,5973,1.3752200466199626e-05,2010/09/06 20:00:00
ES51,Heating Tertiary,2010,5974,1.470530049850972e-05,2010/09/06 21:00:00
ES51,Heating Tertiary,2010,5975,1.6552100561116244e-05,2010/09/06 22:00:00
ES51,Heating Tertiary,2010,5976,1.9257400652825927e-05,2010/09/06 23:00:00
ES51,Heating Tertiary,2010,5977,2.2416800759929593e-05,2010/09/07 00:00:00
ES51,Heating Tertiary,2010,5978,2.5392200860795665e-05,2010/09/07 01:00:00
ES51,Heating Tertiary,2010,5979,2.7669000937979196e-05,2010/09/07 02:00:00
ES51,Heating Tertiary,2010,5980,2.903820098439508e-05,2010/09/07 03:00:00
ES51,Heating Tertiary,2010,5981,2.9748101008460694e-05,2010/09/07 04:00:00
ES51,Heating Tertiary,2010,5982,3.0011601017393342e-05,2010/09/07 05:00:00
ES51,Heating Tertiary,2010,5983,2.9456600998578843e-05,2010/09/07 06:00:00
ES51,Heating Tertiary,2010,5984,2.7709500939352142e-05,2010/09/07 07:00:00
ES51,Heating Tertiary,2010,5985,2.4972300846561056e-05,2010/09/07 08:00:00
ES51,Heating Tertiary,2010,5986,2.1845300740555745e-05,2010/09/07 09:00:00
ES51,Heating Tertiary,2010,5987,1.9039500645439116e-05,2010/09/07 10:00:00
ES51,Heating Tertiary,2010,5988,1.6872500571977807e-05,2010/09/07 11:00:00
ES51,Heating Tertiary,2010,5989,1.5367500520958302e-05,2010/09/07 12:00:00
ES51,Heating Tertiary,2010,5990,1.4242100482807239e-05,2010/09/07 13:00:00
ES51,Heating Tertiary,2010,5991,1.3487000457209345e-05,2010/09/07 14:00:00
ES51,Heating Tertiary,2010,5992,1.3152100445856235e-05,2010/09/07 15:00:00
ES51,Heating Tertiary,2010,5993,1.3170300446473214e-05,2010/09/07 16:00:00
ES51,Heating Tertiary,2010,5994,1.3304600451025986e-05,2010/09/07 17:00:00
ES51,Heating Tertiary,2010,5995,1.3349600452551486e-05,2010/09/07 18:00:00
ES51,Heating Tertiary,2010,5996,1.3423300455049915e-05,2010/09/07 19:00:00
ES51,Heating Tertiary,2010,5997,1.3752200466199626e-05,2010/09/07 20:00:00
ES51,Heating Tertiary,2010,5998,1.470530049850972e-05,2010/09/07 21:00:00
ES51,Heating Tertiary,2010,5999,1.6552100561116244e-05,2010/09/07 22:00:00
ES51,Heating Tertiary,2010,6000,1.9257400652825927e-05,2010/09/07 23:00:00
ES51,Heating Tertiary,2010,6001,2.2416800759929593e-05,2010/09/08 00:00:00
ES51,Heating Tertiary,2010,6002,2.5392200860795665e-05,2010/09/08 01:00:00
ES51,Heating Tertiary,2010,6003,2.7669000937979196e-05,2010/09/08 02:00:00
ES51,Heating Tertiary,2010,6004,2.903820098439508e-05,2010/09/08 03:00:00
ES51,Heating Tertiary,2010,6005,2.9748101008460694e-05,2010/09/08 04:00:00
ES51,Heating Tertiary,2010,6006,3.0011601017393342e-05,2010/09/08 05:00:00
ES51,Heating Tertiary,2010,6007,2.9456600998578843e-05,2010/09/08 06:00:00
ES51,Heating Tertiary,2010,6008,2.7709500939352142e-05,2010/09/08 07:00:00
ES51,Heating Tertiary,2010,6009,2.4972300846561056e-05,2010/09/08 08:00:00
ES51,Heating Tertiary,2010,6010,2.1845300740555745e-05,2010/09/08 09:00:00
ES51,Heating Tertiary,2010,6011,1.9039500645439116e-05,2010/09/08 10:00:00
ES51,Heating Tertiary,2010,6012,1.6872500571977807e-05,2010/09/08 11:00:00
ES51,Heating Tertiary,2010,6013,1.5367500520958302e-05,2010/09/08 12:00:00
ES51,Heating Tertiary,2010,6014,1.4242100482807239e-05,2010/09/08 13:00:00
ES51,Heating Tertiary,2010,6015,1.3487000457209345e-05,2010/09/08 14:00:00
ES51,Heating Tertiary,2010,6016,1.3152100445856235e-05,2010/09/08 15:00:00
ES51,Heating Tertiary,2010,6017,1.3170300446473214e-05,2010/09/08 16:00:00
ES51,Heating Tertiary,2010,6018,1.3304600451025986e-05,2010/09/08 17:00:00
ES51,Heating Tertiary,2010,6019,1.3349600452551486e-05,2010/09/08 18:00:00
ES51,Heating Tertiary,2010,6020,1.3423300455049915e-05,2010/09/08 19:00:00
ES51,Heating Tertiary,2010,6021,1.3752200466199626e-05,2010/09/08 20:00:00
ES51,Heating Tertiary,2010,6022,1.470530049850972e-05,2010/09/08 21:00:00
ES51,Heating Tertiary,2010,6023,1.6552100561116244e-05,2010/09/08 22:00:00
ES51,Heating Tertiary,2010,6024,1.9257400652825927e-05,2010/09/08 23:00:00
ES51,Heating Tertiary,2010,6025,2.2416800759929593e-05,2010/09/09 00:00:00
ES51,Heating Tertiary,2010,6026,2.5392200860795665e-05,2010/09/09 01:00:00
ES51,Heating Tertiary,2010,6027,2.7669000937979196e-05,2010/09/09 02:00:00
ES51,Heating Tertiary,2010,6028,2.903820098439508e-05,2010/09/09 03:00:00
ES51,Heating Tertiary,2010,6029,2.9748101008460694e-05,2010/09/09 04:00:00
ES51,Heating Tertiary,2010,6030,3.0011601017393342e-05,2010/09/09 05:00:00
ES51,Heating Tertiary,2010,6031,2.9456600998578843e-05,2010/09/09 06:00:00
ES51,Heating Tertiary,2010,6032,2.7709500939352142e-05,2010/09/09 07:00:00
ES51,Heating Tertiary,2010,6033,2.4972300846561056e-05,2010/09/09 08:00:00
ES51,Heating Tertiary,2010,6034,2.1845300740555745e-05,2010/09/09 09:00:00
ES51,Heating Tertiary,2010,6035,1.9039500645439116e-05,2010/09/09 10:00:00
ES51,Heating Tertiary,2010,6036,1.6872500571977807e-05,2010/09/09 11:00:00
ES51,Heating Tertiary,2010,6037,1.5367500520958302e-05,2010/09/09 12:00:00
ES51,Heating Tertiary,2010,6038,1.4242100482807239e-05,2010/09/09 13:00:00
ES51,Heating Tertiary,2010,6039,1.3487000457209345e-05,2010/09/09 14:00:00
ES51,Heating Tertiary,2010,6040,1.3152100445856235e-05,2010/09/09 15:00:00
ES51,Heating Tertiary,2010,6041,1.3170300446473214e-05,2010/09/09 16:00:00
ES51,Heating Tertiary,2010,6042,1.3304600451025986e-05,2010/09/09 17:00:00
ES51,Heating Tertiary,2010,6043,1.3349600452551486e-05,2010/09/09 18:00:00
ES51,Heating Tertiary,2010,6044,1.3423300455049915e-05,2010/09/09 19:00:00
ES51,Heating Tertiary,2010,6045,1.3752200466199626e-05,2010/09/09 20:00:00
ES51,Heating Tertiary,2010,6046,1.470530049850972e-05,2010/09/09 21:00:00
ES51,Heating Tertiary,2010,6047,1.6552100561116244e-05,2010/09/09 22:00:00
ES51,Heating Tertiary,2010,6048,1.9257400652825927e-05,2010/09/09 23:00:00
ES51,Heating Tertiary,2010,6049,2.2416800759929593e-05,2010/09/10 00:00:00
ES51,Heating Tertiary,2010,6050,2.5392200860795665e-05,2010/09/10 01:00:00
ES51,Heating Tertiary,2010,6051,2.7669000937979196e-05,2010/09/10 02:00:00
ES51,Heating Tertiary,2010,6052,2.903820098439508e-05,2010/09/10 03:00:00
ES51,Heating Tertiary,2010,6053,2.9748101008460694e-05,2010/09/10 04:00:00
ES51,Heating Tertiary,2010,6054,3.0011601017393342e-05,2010/09/10 05:00:00
ES51,Heating Tertiary,2010,6055,2.9456600998578843e-05,2010/09/10 06:00:00
ES51,Heating Tertiary,2010,6056,2.7709500939352142e-05,2010/09/10 07:00:00
ES51,Heating Tertiary,2010,6057,2.4972300846561056e-05,2010/09/10 08:00:00
ES51,Heating Tertiary,2010,6058,2.1845300740555745e-05,2010/09/10 09:00:00
ES51,Heating Tertiary,2010,6059,1.9039500645439116e-05,2010/09/10 10:00:00
ES51,Heating Tertiary,2010,6060,1.6872500571977807e-05,2010/09/10 11:00:00
ES51,Heating Tertiary,2010,6061,1.5367500520958302e-05,2010/09/10 12:00:00
ES51,Heating Tertiary,2010,6062,1.4242100482807239e-05,2010/09/10 13:00:00
ES51,Heating Tertiary,2010,6063,1.3487000457209345e-05,2010/09/10 14:00:00
ES51,Heating Tertiary,2010,6064,1.3152100445856235e-05,2010/09/10 15:00:00
ES51,Heating Tertiary,2010,6065,1.3170300446473214e-05,2010/09/10 16:00:00
ES51,Heating Tertiary,2010,6066,1.3304600451025986e-05,2010/09/10 17:00:00
ES51,Heating Tertiary,2010,6067,1.3349600452551486e-05,2010/09/10 18:00:00
ES51,Heating Tertiary,2010,6068,1.3423300455049915e-05,2010/09/10 19:00:00
ES51,Heating Tertiary,2010,6069,1.3752200466199626e-05,2010/09/10 20:00:00
ES51,Heating Tertiary,2010,6070,1.470530049850972e-05,2010/09/10 21:00:00
ES51,Heating Tertiary,2010,6071,1.6552100561116244e-05,2010/09/10 22:00:00
ES51,Heating Tertiary,2010,6072,1.9257400652825927e-05,2010/09/10 23:00:00
ES51,Heating Tertiary,2010,6073,2.349440079646024e-05,2010/09/11 00:00:00
ES51,Heating Tertiary,2010,6074,2.675220090689967e-05,2010/09/11 01:00:00
ES51,Heating Tertiary,2010,6075,2.9133300987618967e-05,2010/09/11 02:00:00
ES51,Heating Tertiary,2010,6076,3.0497701033872133e-05,2010/09/11 03:00:00
ES51,Heating Tertiary,2010,6077,3.1322901061846416e-05,2010/09/11 04:00:00
ES51,Heating Tertiary,2010,6078,3.1755301076504775e-05,2010/09/11 05:00:00
ES51,Heating Tertiary,2010,6079,3.1304101061209095e-05,2010/09/11 06:00:00
ES51,Heating Tertiary,2010,6080,2.960920100375198e-05,2010/09/11 07:00:00
ES51,Heating Tertiary,2010,6081,2.6869900910889702e-05,2010/09/11 08:00:00
ES51,Heating Tertiary,2010,6082,2.364430080154185e-05,2010/09/11 09:00:00
ES51,Heating Tertiary,2010,6083,2.05457006964993e-05,2010/09/11 10:00:00
ES51,Heating Tertiary,2010,6084,1.806450061238661e-05,2010/09/11 11:00:00
ES51,Heating Tertiary,2010,6085,1.6290400552244617e-05,2010/09/11 12:00:00
ES51,Heating Tertiary,2010,6086,1.4988300508103422e-05,2010/09/11 13:00:00
ES51,Heating Tertiary,2010,6087,1.4071100477010338e-05,2010/09/11 14:00:00
ES51,Heating Tertiary,2010,6088,1.3667400463324907e-05,2010/09/11 15:00:00
ES51,Heating Tertiary,2010,6089,1.3719600465094487e-05,2010/09/11 16:00:00
ES51,Heating Tertiary,2010,6090,1.3903400471325307e-05,2010/09/11 17:00:00
ES51,Heating Tertiary,2010,6091,1.3961400473291507e-05,2010/09/11 18:00:00
ES51,Heating Tertiary,2010,6092,1.3949200472877927e-05,2010/09/11 19:00:00
ES51,Heating Tertiary,2010,6093,1.4126000478871447e-05,2010/09/11 20:00:00
ES51,Heating Tertiary,2010,6094,1.4956600507028791e-05,2010/09/11 21:00:00
ES51,Heating Tertiary,2010,6095,1.6886200572442238e-05,2010/09/11 22:00:00
ES51,Heating Tertiary,2010,6096,1.9888200674210047e-05,2010/09/11 23:00:00
ES51,Heating Tertiary,2010,6097,2.3236800787727598e-05,2010/09/12 00:00:00
ES51,Heating Tertiary,2010,6098,2.6768400907448852e-05,2010/09/12 01:00:00
ES51,Heating Tertiary,2010,6099,2.9619901004114713e-05,2010/09/12 02:00:00
ES51,Heating Tertiary,2010,6100,3.1376001063646505e-05,2010/09/12 03:00:00
ES51,Heating Tertiary,2010,6101,3.2174801090725826e-05,2010/09/12 04:00:00
ES51,Heating Tertiary,2010,6102,3.244870110001104e-05,2010/09/12 05:00:00
ES51,Heating Tertiary,2010,6103,3.1865001080223605e-05,2010/09/12 06:00:00
ES51,Heating Tertiary,2010,6104,3.0150701022108832e-05,2010/09/12 07:00:00
ES51,Heating Tertiary,2010,6105,2.7432500929961846e-05,2010/09/12 08:00:00
ES51,Heating Tertiary,2010,6106,2.4225200821234363e-05,2010/09/12 09:00:00
ES51,Heating Tertiary,2010,6107,2.1216700719246202e-05,2010/09/12 10:00:00
ES51,Heating Tertiary,2010,6108,1.8898300640652433e-05,2010/09/12 11:00:00
ES51,Heating Tertiary,2010,6109,1.7297800586395477e-05,2010/09/12 12:00:00
ES51,Heating Tertiary,2010,6110,1.6064200544576433e-05,2010/09/12 13:00:00
ES51,Heating Tertiary,2010,6111,1.5114100512368043e-05,2010/09/12 14:00:00
ES51,Heating Tertiary,2010,6112,1.458940049458071e-05,2010/09/12 15:00:00
ES51,Heating Tertiary,2010,6113,1.435580048666167e-05,2010/09/12 16:00:00
ES51,Heating Tertiary,2010,6114,1.4243300482847918e-05,2010/09/12 17:00:00
ES51,Heating Tertiary,2010,6115,1.4063200476742528e-05,2010/09/12 18:00:00
ES51,Heating Tertiary,2010,6116,1.4001100474637337e-05,2010/09/12 19:00:00
ES51,Heating Tertiary,2010,6117,1.4252200483149628e-05,2010/09/12 20:00:00
ES51,Heating Tertiary,2010,6118,1.5156000513788453e-05,2010/09/12 21:00:00
ES51,Heating Tertiary,2010,6119,1.7014000576774658e-05,2010/09/12 22:00:00
ES51,Heating Tertiary,2010,6120,1.9786100670748857e-05,2010/09/12 23:00:00
ES51,Heating Tertiary,2010,6121,2.2416800759929593e-05,2010/09/13 00:00:00
ES51,Heating Tertiary,2010,6122,2.5392200860795665e-05,2010/09/13 01:00:00
ES51,Heating Tertiary,2010,6123,2.7669000937979196e-05,2010/09/13 02:00:00
ES51,Heating Tertiary,2010,6124,2.903820098439508e-05,2010/09/13 03:00:00
ES51,Heating Tertiary,2010,6125,2.9748101008460694e-05,2010/09/13 04:00:00
ES51,Heating Tertiary,2010,6126,3.0011601017393342e-05,2010/09/13 05:00:00
ES51,Heating Tertiary,2010,6127,2.9456600998578843e-05,2010/09/13 06:00:00
ES51,Heating Tertiary,2010,6128,2.7709500939352142e-05,2010/09/13 07:00:00
ES51,Heating Tertiary,2010,6129,2.4972300846561056e-05,2010/09/13 08:00:00
ES51,Heating Tertiary,2010,6130,2.1845300740555745e-05,2010/09/13 09:00:00
ES51,Heating Tertiary,2010,6131,1.9039500645439116e-05,2010/09/13 10:00:00
ES51,Heating Tertiary,2010,6132,1.6872500571977807e-05,2010/09/13 11:00:00
ES51,Heating Tertiary,2010,6133,1.5367500520958302e-05,2010/09/13 12:00:00
ES51,Heating Tertiary,2010,6134,1.4242100482807239e-05,2010/09/13 13:00:00
ES51,Heating Tertiary,2010,6135,1.3487000457209345e-05,2010/09/13 14:00:00
ES51,Heating Tertiary,2010,6136,1.3152100445856235e-05,2010/09/13 15:00:00
ES51,Heating Tertiary,2010,6137,1.3170300446473214e-05,2010/09/13 16:00:00
ES51,Heating Tertiary,2010,6138,1.3304600451025986e-05,2010/09/13 17:00:00
ES51,Heating Tertiary,2010,6139,1.3349600452551486e-05,2010/09/13 18:00:00
ES51,Heating Tertiary,2010,6140,1.3423300455049915e-05,2010/09/13 19:00:00
ES51,Heating Tertiary,2010,6141,1.3752200466199626e-05,2010/09/13 20:00:00
ES51,Heating Tertiary,2010,6142,1.470530049850972e-05,2010/09/13 21:00:00
ES51,Heating Tertiary,2010,6143,1.6552100561116244e-05,2010/09/13 22:00:00
ES51,Heating Tertiary,2010,6144,1.9257400652825927e-05,2010/09/13 23:00:00
ES51,Heating Tertiary,2010,6145,2.2416800759929593e-05,2010/09/14 00:00:00
ES51,Heating Tertiary,2010,6146,2.5392200860795665e-05,2010/09/14 01:00:00
ES51,Heating Tertiary,2010,6147,2.7669000937979196e-05,2010/09/14 02:00:00
ES51,Heating Tertiary,2010,6148,2.903820098439508e-05,2010/09/14 03:00:00
ES51,Heating Tertiary,2010,6149,2.9748101008460694e-05,2010/09/14 04:00:00
ES51,Heating Tertiary,2010,6150,3.0011601017393342e-05,2010/09/14 05:00:00
ES51,Heating Tertiary,2010,6151,2.9456600998578843e-05,2010/09/14 06:00:00
ES51,Heating Tertiary,2010,6152,2.7709500939352142e-05,2010/09/14 07:00:00
ES51,Heating Tertiary,2010,6153,2.4972300846561056e-05,2010/09/14 08:00:00
ES51,Heating Tertiary,2010,6154,2.1845300740555745e-05,2010/09/14 09:00:00
ES51,Heating Tertiary,2010,6155,1.9039500645439116e-05,2010/09/14 10:00:00
ES51,Heating Tertiary,2010,6156,1.6872500571977807e-05,2010/09/14 11:00:00
ES51,Heating Tertiary,2010,6157,1.5367500520958302e-05,2010/09/14 12:00:00
ES51,Heating Tertiary,2010,6158,1.4242100482807239e-05,2010/09/14 13:00:00
ES51,Heating Tertiary,2010,6159,1.3487000457209345e-05,2010/09/14 14:00:00
ES51,Heating Tertiary,2010,6160,1.3152100445856235e-05,2010/09/14 15:00:00
ES51,Heating Tertiary,2010,6161,1.3170300446473214e-05,2010/09/14 16:00:00
ES51,Heating Tertiary,2010,6162,1.3304600451025986e-05,2010/09/14 17:00:00
ES51,Heating Tertiary,2010,6163,1.3349600452551486e-05,2010/09/14 18:00:00
ES51,Heating Tertiary,2010,6164,1.3423300455049915e-05,2010/09/14 19:00:00
ES51,Heating Tertiary,2010,6165,1.3752200466199626e-05,2010/09/14 20:00:00
ES51,Heating Tertiary,2010,6166,1.470530049850972e-05,2010/09/14 21:00:00
ES51,Heating Tertiary,2010,6167,1.6552100561116244e-05,2010/09/14 22:00:00
ES51,Heating Tertiary,2010,6168,1.9257400652825927e-05,2010/09/14 23:00:00
ES51,Heating Tertiary,2010,6169,2.2416800759929593e-05,2010/09/15 00:00:00
ES51,Heating Tertiary,2010,6170,2.5392200860795665e-05,2010/09/15 01:00:00
ES51,Heating Tertiary,2010,6171,2.7669000937979196e-05,2010/09/15 02:00:00
ES51,Heating Tertiary,2010,6172,2.903820098439508e-05,2010/09/15 03:00:00
ES51,Heating Tertiary,2010,6173,2.9748101008460694e-05,2010/09/15 04:00:00
ES51,Heating Tertiary,2010,6174,3.0011601017393342e-05,2010/09/15 05:00:00
ES51,Heating Tertiary,2010,6175,2.9456600998578843e-05,2010/09/15 06:00:00
ES51,Heating Tertiary,2010,6176,2.7709500939352142e-05,2010/09/15 07:00:00
ES51,Heating Tertiary,2010,6177,2.4972300846561056e-05,2010/09/15 08:00:00
ES51,Heating Tertiary,2010,6178,2.1845300740555745e-05,2010/09/15 09:00:00
ES51,Heating Tertiary,2010,6179,1.9039500645439116e-05,2010/09/15 10:00:00
ES51,Heating Tertiary,2010,6180,1.6872500571977807e-05,2010/09/15 11:00:00
ES51,Heating Tertiary,2010,6181,1.5367500520958302e-05,2010/09/15 12:00:00
ES51,Heating Tertiary,2010,6182,1.4242100482807239e-05,2010/09/15 13:00:00
ES51,Heating Tertiary,2010,6183,1.3487000457209345e-05,2010/09/15 14:00:00
ES51,Heating Tertiary,2010,6184,1.3152100445856235e-05,2010/09/15 15:00:00
ES51,Heating Tertiary,2010,6185,1.3170300446473214e-05,2010/09/15 16:00:00
ES51,Heating Tertiary,2010,6186,1.3304600451025986e-05,2010/09/15 17:00:00
ES51,Heating Tertiary,2010,6187,1.3349600452551486e-05,2010/09/15 18:00:00
ES51,Heating Tertiary,2010,6188,1.3423300455049915e-05,2010/09/15 19:00:00
ES51,Heating Tertiary,2010,6189,1.3752200466199626e-05,2010/09/15 20:00:00
ES51,Heating Tertiary,2010,6190,1.470530049850972e-05,2010/09/15 21:00:00
ES51,Heating Tertiary,2010,6191,1.6552100561116244e-05,2010/09/15 22:00:00
ES51,Heating Tertiary,2010,6192,1.9257400652825927e-05,2010/09/15 23:00:00
ES51,Heating Tertiary,2010,6193,2.2416800759929593e-05,2010/09/16 00:00:00
ES51,Heating Tertiary,2010,6194,2.5392200860795665e-05,2010/09/16 01:00:00
ES51,Heating Tertiary,2010,6195,2.7669000937979196e-05,2010/09/16 02:00:00
ES51,Heating Tertiary,2010,6196,2.903820098439508e-05,2010/09/16 03:00:00
ES51,Heating Tertiary,2010,6197,2.9748101008460694e-05,2010/09/16 04:00:00
ES51,Heating Tertiary,2010,6198,3.0011601017393342e-05,2010/09/16 05:00:00
ES51,Heating Tertiary,2010,6199,2.9456600998578843e-05,2010/09/16 06:00:00
ES51,Heating Tertiary,2010,6200,2.7709500939352142e-05,2010/09/16 07:00:00
ES51,Heating Tertiary,2010,6201,2.4972300846561056e-05,2010/09/16 08:00:00
ES51,Heating Tertiary,2010,6202,2.1845300740555745e-05,2010/09/16 09:00:00
ES51,Heating Tertiary,2010,6203,1.9039500645439116e-05,2010/09/16 10:00:00
ES51,Heating Tertiary,2010,6204,1.6872500571977807e-05,2010/09/16 11:00:00
ES51,Heating Tertiary,2010,6205,1.5367500520958302e-05,2010/09/16 12:00:00
ES51,Heating Tertiary,2010,6206,1.4242100482807239e-05,2010/09/16 13:00:00
ES51,Heating Tertiary,2010,6207,1.3487000457209345e-05,2010/09/16 14:00:00
ES51,Heating Tertiary,2010,6208,1.3152100445856235e-05,2010/09/16 15:00:00
ES51,Heating Tertiary,2010,6209,1.3170300446473214e-05,2010/09/16 16:00:00
ES51,Heating Tertiary,2010,6210,1.3304600451025986e-05,2010/09/16 17:00:00
ES51,Heating Tertiary,2010,6211,1.3349600452551486e-05,2010/09/16 18:00:00
ES51,Heating Tertiary,2010,6212,1.3423300455049915e-05,2010/09/16 19:00:00
ES51,Heating Tertiary,2010,6213,1.3752200466199626e-05,2010/09/16 20:00:00
ES51,Heating Tertiary,2010,6214,1.470530049850972e-05,2010/09/16 21:00:00
ES51,Heating Tertiary,2010,6215,1.6552100561116244e-05,2010/09/16 22:00:00
ES51,Heating Tertiary,2010,6216,1.9257400652825927e-05,2010/09/16 23:00:00
ES51,Heating Tertiary,2010,6217,2.2416800759929593e-05,2010/09/17 00:00:00
ES51,Heating Tertiary,2010,6218,2.5392200860795665e-05,2010/09/17 01:00:00
ES51,Heating Tertiary,2010,6219,2.7669000937979196e-05,2010/09/17 02:00:00
ES51,Heating Tertiary,2010,6220,2.903820098439508e-05,2010/09/17 03:00:00
ES51,Heating Tertiary,2010,6221,2.9748101008460694e-05,2010/09/17 04:00:00
ES51,Heating Tertiary,2010,6222,3.0011601017393342e-05,2010/09/17 05:00:00
ES51,Heating Tertiary,2010,6223,2.9456600998578843e-05,2010/09/17 06:00:00
ES51,Heating Tertiary,2010,6224,2.7709500939352142e-05,2010/09/17 07:00:00
ES51,Heating Tertiary,2010,6225,2.4972300846561056e-05,2010/09/17 08:00:00
ES51,Heating Tertiary,2010,6226,2.1845300740555745e-05,2010/09/17 09:00:00
ES51,Heating Tertiary,2010,6227,1.9039500645439116e-05,2010/09/17 10:00:00
ES51,Heating Tertiary,2010,6228,1.6872500571977807e-05,2010/09/17 11:00:00
ES51,Heating Tertiary,2010,6229,1.5367500520958302e-05,2010/09/17 12:00:00
ES51,Heating Tertiary,2010,6230,1.4242100482807239e-05,2010/09/17 13:00:00
ES51,Heating Tertiary,2010,6231,1.3487000457209345e-05,2010/09/17 14:00:00
ES51,Heating Tertiary,2010,6232,1.3152100445856235e-05,2010/09/17 15:00:00
ES51,Heating Tertiary,2010,6233,1.3170300446473214e-05,2010/09/17 16:00:00
ES51,Heating Tertiary,2010,6234,1.3304600451025986e-05,2010/09/17 17:00:00
ES51,Heating Tertiary,2010,6235,1.3349600452551486e-05,2010/09/17 18:00:00
ES51,Heating Tertiary,2010,6236,1.3423300455049915e-05,2010/09/17 19:00:00
ES51,Heating Tertiary,2010,6237,1.3752200466199626e-05,2010/09/17 20:00:00
ES51,Heating Tertiary,2010,6238,1.470530049850972e-05,2010/09/17 21:00:00
ES51,Heating Tertiary,2010,6239,1.6552100561116244e-05,2010/09/17 22:00:00
ES51,Heating Tertiary,2010,6240,1.9257400652825927e-05,2010/09/17 23:00:00
ES51,Heating Tertiary,2010,6241,2.349440079646024e-05,2010/09/18 00:00:00
ES51,Heating Tertiary,2010,6242,2.675220090689967e-05,2010/09/18 01:00:00
ES51,Heating Tertiary,2010,6243,2.9133300987618967e-05,2010/09/18 02:00:00
ES51,Heating Tertiary,2010,6244,3.0497701033872133e-05,2010/09/18 03:00:00
ES51,Heating Tertiary,2010,6245,3.1322901061846416e-05,2010/09/18 04:00:00
ES51,Heating Tertiary,2010,6246,3.1755301076504775e-05,2010/09/18 05:00:00
ES51,Heating Tertiary,2010,6247,3.1304101061209095e-05,2010/09/18 06:00:00
ES51,Heating Tertiary,2010,6248,2.960920100375198e-05,2010/09/18 07:00:00
ES51,Heating Tertiary,2010,6249,2.6869900910889702e-05,2010/09/18 08:00:00
ES51,Heating Tertiary,2010,6250,2.364430080154185e-05,2010/09/18 09:00:00
ES51,Heating Tertiary,2010,6251,2.05457006964993e-05,2010/09/18 10:00:00
ES51,Heating Tertiary,2010,6252,1.806450061238661e-05,2010/09/18 11:00:00
ES51,Heating Tertiary,2010,6253,1.6290400552244617e-05,2010/09/18 12:00:00
ES51,Heating Tertiary,2010,6254,1.4988300508103422e-05,2010/09/18 13:00:00
ES51,Heating Tertiary,2010,6255,1.4071100477010338e-05,2010/09/18 14:00:00
ES51,Heating Tertiary,2010,6256,1.3667400463324907e-05,2010/09/18 15:00:00
ES51,Heating Tertiary,2010,6257,1.3719600465094487e-05,2010/09/18 16:00:00
ES51,Heating Tertiary,2010,6258,1.3903400471325307e-05,2010/09/18 17:00:00
ES51,Heating Tertiary,2010,6259,1.3961400473291507e-05,2010/09/18 18:00:00
ES51,Heating Tertiary,2010,6260,1.3949200472877927e-05,2010/09/18 19:00:00
ES51,Heating Tertiary,2010,6261,1.4126000478871447e-05,2010/09/18 20:00:00
ES51,Heating Tertiary,2010,6262,1.4956600507028791e-05,2010/09/18 21:00:00
ES51,Heating Tertiary,2010,6263,1.6886200572442238e-05,2010/09/18 22:00:00
ES51,Heating Tertiary,2010,6264,1.9888200674210047e-05,2010/09/18 23:00:00
ES51,Heating Tertiary,2010,6265,2.3236800787727598e-05,2010/09/19 00:00:00
ES51,Heating Tertiary,2010,6266,2.6768400907448852e-05,2010/09/19 01:00:00
ES51,Heating Tertiary,2010,6267,2.9619901004114713e-05,2010/09/19 02:00:00
ES51,Heating Tertiary,2010,6268,3.1376001063646505e-05,2010/09/19 03:00:00
ES51,Heating Tertiary,2010,6269,3.2174801090725826e-05,2010/09/19 04:00:00
ES51,Heating Tertiary,2010,6270,3.244870110001104e-05,2010/09/19 05:00:00
ES51,Heating Tertiary,2010,6271,3.1865001080223605e-05,2010/09/19 06:00:00
ES51,Heating Tertiary,2010,6272,3.0150701022108832e-05,2010/09/19 07:00:00
ES51,Heating Tertiary,2010,6273,2.7432500929961846e-05,2010/09/19 08:00:00
ES51,Heating Tertiary,2010,6274,2.4225200821234363e-05,2010/09/19 09:00:00
ES51,Heating Tertiary,2010,6275,2.1216700719246202e-05,2010/09/19 10:00:00
ES51,Heating Tertiary,2010,6276,1.8898300640652433e-05,2010/09/19 11:00:00
ES51,Heating Tertiary,2010,6277,1.7297800586395477e-05,2010/09/19 12:00:00
ES51,Heating Tertiary,2010,6278,1.6064200544576433e-05,2010/09/19 13:00:00
ES51,Heating Tertiary,2010,6279,1.5114100512368043e-05,2010/09/19 14:00:00
ES51,Heating Tertiary,2010,6280,1.458940049458071e-05,2010/09/19 15:00:00
ES51,Heating Tertiary,2010,6281,1.435580048666167e-05,2010/09/19 16:00:00
ES51,Heating Tertiary,2010,6282,1.4243300482847918e-05,2010/09/19 17:00:00
ES51,Heating Tertiary,2010,6283,1.4063200476742528e-05,2010/09/19 18:00:00
ES51,Heating Tertiary,2010,6284,1.4001100474637337e-05,2010/09/19 19:00:00
ES51,Heating Tertiary,2010,6285,1.4252200483149628e-05,2010/09/19 20:00:00
ES51,Heating Tertiary,2010,6286,1.5156000513788453e-05,2010/09/19 21:00:00
ES51,Heating Tertiary,2010,6287,1.7014000576774658e-05,2010/09/19 22:00:00
ES51,Heating Tertiary,2010,6288,1.9786100670748857e-05,2010/09/19 23:00:00
ES51,Heating Tertiary,2010,6289,2.2416800759929593e-05,2010/09/20 00:00:00
ES51,Heating Tertiary,2010,6290,2.5392200860795665e-05,2010/09/20 01:00:00
ES51,Heating Tertiary,2010,6291,2.7669000937979196e-05,2010/09/20 02:00:00
ES51,Heating Tertiary,2010,6292,2.903820098439508e-05,2010/09/20 03:00:00
ES51,Heating Tertiary,2010,6293,2.9748101008460694e-05,2010/09/20 04:00:00
ES51,Heating Tertiary,2010,6294,3.0011601017393342e-05,2010/09/20 05:00:00
ES51,Heating Tertiary,2010,6295,2.9456600998578843e-05,2010/09/20 06:00:00
ES51,Heating Tertiary,2010,6296,2.7709500939352142e-05,2010/09/20 07:00:00
ES51,Heating Tertiary,2010,6297,2.4972300846561056e-05,2010/09/20 08:00:00
ES51,Heating Tertiary,2010,6298,2.1845300740555745e-05,2010/09/20 09:00:00
ES51,Heating Tertiary,2010,6299,1.9039500645439116e-05,2010/09/20 10:00:00
ES51,Heating Tertiary,2010,6300,1.6872500571977807e-05,2010/09/20 11:00:00
ES51,Heating Tertiary,2010,6301,1.5367500520958302e-05,2010/09/20 12:00:00
ES51,Heating Tertiary,2010,6302,1.4242100482807239e-05,2010/09/20 13:00:00
ES51,Heating Tertiary,2010,6303,1.3487000457209345e-05,2010/09/20 14:00:00
ES51,Heating Tertiary,2010,6304,1.3152100445856235e-05,2010/09/20 15:00:00
ES51,Heating Tertiary,2010,6305,1.3170300446473214e-05,2010/09/20 16:00:00
ES51,Heating Tertiary,2010,6306,1.3304600451025986e-05,2010/09/20 17:00:00
ES51,Heating Tertiary,2010,6307,1.3349600452551486e-05,2010/09/20 18:00:00
ES51,Heating Tertiary,2010,6308,1.3423300455049915e-05,2010/09/20 19:00:00
ES51,Heating Tertiary,2010,6309,1.3752200466199626e-05,2010/09/20 20:00:00
ES51,Heating Tertiary,2010,6310,1.470530049850972e-05,2010/09/20 21:00:00
ES51,Heating Tertiary,2010,6311,1.6552100561116244e-05,2010/09/20 22:00:00
ES51,Heating Tertiary,2010,6312,1.9257400652825927e-05,2010/09/20 23:00:00
ES51,Heating Tertiary,2010,6313,2.2416800759929593e-05,2010/09/21 00:00:00
ES51,Heating Tertiary,2010,6314,2.5392200860795665e-05,2010/09/21 01:00:00
ES51,Heating Tertiary,2010,6315,2.7669000937979196e-05,2010/09/21 02:00:00
ES51,Heating Tertiary,2010,6316,2.903820098439508e-05,2010/09/21 03:00:00
ES51,Heating Tertiary,2010,6317,2.9748101008460694e-05,2010/09/21 04:00:00
ES51,Heating Tertiary,2010,6318,3.0011601017393342e-05,2010/09/21 05:00:00
ES51,Heating Tertiary,2010,6319,2.9456600998578843e-05,2010/09/21 06:00:00
ES51,Heating Tertiary,2010,6320,2.7709500939352142e-05,2010/09/21 07:00:00
ES51,Heating Tertiary,2010,6321,2.4972300846561056e-05,2010/09/21 08:00:00
ES51,Heating Tertiary,2010,6322,2.1845300740555745e-05,2010/09/21 09:00:00
ES51,Heating Tertiary,2010,6323,1.9039500645439116e-05,2010/09/21 10:00:00
ES51,Heating Tertiary,2010,6324,1.6872500571977807e-05,2010/09/21 11:00:00
ES51,Heating Tertiary,2010,6325,1.5367500520958302e-05,2010/09/21 12:00:00
ES51,Heating Tertiary,2010,6326,1.4242100482807239e-05,2010/09/21 13:00:00
ES51,Heating Tertiary,2010,6327,1.3487000457209345e-05,2010/09/21 14:00:00
ES51,Heating Tertiary,2010,6328,1.3152100445856235e-05,2010/09/21 15:00:00
ES51,Heating Tertiary,2010,6329,1.3170300446473214e-05,2010/09/21 16:00:00
ES51,Heating Tertiary,2010,6330,1.3304600451025986e-05,2010/09/21 17:00:00
ES51,Heating Tertiary,2010,6331,1.3349600452551486e-05,2010/09/21 18:00:00
ES51,Heating Tertiary,2010,6332,1.3423300455049915e-05,2010/09/21 19:00:00
ES51,Heating Tertiary,2010,6333,1.3752200466199626e-05,2010/09/21 20:00:00
ES51,Heating Tertiary,2010,6334,1.470530049850972e-05,2010/09/21 21:00:00
ES51,Heating Tertiary,2010,6335,1.6552100561116244e-05,2010/09/21 22:00:00
ES51,Heating Tertiary,2010,6336,1.9257400652825927e-05,2010/09/21 23:00:00
ES51,Heating Tertiary,2010,6337,2.2416800759929593e-05,2010/09/22 00:00:00
ES51,Heating Tertiary,2010,6338,2.5392200860795665e-05,2010/09/22 01:00:00
ES51,Heating Tertiary,2010,6339,2.7669000937979196e-05,2010/09/22 02:00:00
ES51,Heating Tertiary,2010,6340,2.903820098439508e-05,2010/09/22 03:00:00
ES51,Heating Tertiary,2010,6341,2.9748101008460694e-05,2010/09/22 04:00:00
ES51,Heating Tertiary,2010,6342,3.0011601017393342e-05,2010/09/22 05:00:00
ES51,Heating Tertiary,2010,6343,2.9456600998578843e-05,2010/09/22 06:00:00
ES51,Heating Tertiary,2010,6344,2.7709500939352142e-05,2010/09/22 07:00:00
ES51,Heating Tertiary,2010,6345,2.4972300846561056e-05,2010/09/22 08:00:00
ES51,Heating Tertiary,2010,6346,2.1845300740555745e-05,2010/09/22 09:00:00
ES51,Heating Tertiary,2010,6347,1.9039500645439116e-05,2010/09/22 10:00:00
ES51,Heating Tertiary,2010,6348,1.6872500571977807e-05,2010/09/22 11:00:00
ES51,Heating Tertiary,2010,6349,1.5367500520958302e-05,2010/09/22 12:00:00
ES51,Heating Tertiary,2010,6350,1.4242100482807239e-05,2010/09/22 13:00:00
ES51,Heating Tertiary,2010,6351,1.3487000457209345e-05,2010/09/22 14:00:00
ES51,Heating Tertiary,2010,6352,1.3152100445856235e-05,2010/09/22 15:00:00
ES51,Heating Tertiary,2010,6353,1.3170300446473214e-05,2010/09/22 16:00:00
ES51,Heating Tertiary,2010,6354,1.3304600451025986e-05,2010/09/22 17:00:00
ES51,Heating Tertiary,2010,6355,1.3349600452551486e-05,2010/09/22 18:00:00
ES51,Heating Tertiary,2010,6356,1.3423300455049915e-05,2010/09/22 19:00:00
ES51,Heating Tertiary,2010,6357,1.3752200466199626e-05,2010/09/22 20:00:00
ES51,Heating Tertiary,2010,6358,1.470530049850972e-05,2010/09/22 21:00:00
ES51,Heating Tertiary,2010,6359,1.6552100561116244e-05,2010/09/22 22:00:00
ES51,Heating Tertiary,2010,6360,1.9257400652825927e-05,2010/09/22 23:00:00
ES51,Heating Tertiary,2010,6361,2.2416800759929593e-05,2010/09/23 00:00:00
ES51,Heating Tertiary,2010,6362,2.5392200860795665e-05,2010/09/23 01:00:00
ES51,Heating Tertiary,2010,6363,2.7669000937979196e-05,2010/09/23 02:00:00
ES51,Heating Tertiary,2010,6364,2.903820098439508e-05,2010/09/23 03:00:00
ES51,Heating Tertiary,2010,6365,2.9748101008460694e-05,2010/09/23 04:00:00
ES51,Heating Tertiary,2010,6366,3.0011601017393342e-05,2010/09/23 05:00:00
ES51,Heating Tertiary,2010,6367,2.9456600998578843e-05,2010/09/23 06:00:00
ES51,Heating Tertiary,2010,6368,2.7709500939352142e-05,2010/09/23 07:00:00
ES51,Heating Tertiary,2010,6369,2.4972300846561056e-05,2010/09/23 08:00:00
ES51,Heating Tertiary,2010,6370,2.1845300740555745e-05,2010/09/23 09:00:00
ES51,Heating Tertiary,2010,6371,1.9039500645439116e-05,2010/09/23 10:00:00
ES51,Heating Tertiary,2010,6372,1.6872500571977807e-05,2010/09/23 11:00:00
ES51,Heating Tertiary,2010,6373,1.5367500520958302e-05,2010/09/23 12:00:00
ES51,Heating Tertiary,2010,6374,1.4242100482807239e-05,2010/09/23 13:00:00
ES51,Heating Tertiary,2010,6375,1.3487000457209345e-05,2010/09/23 14:00:00
ES51,Heating Tertiary,2010,6376,1.3152100445856235e-05,2010/09/23 15:00:00
ES51,Heating Tertiary,2010,6377,1.3170300446473214e-05,2010/09/23 16:00:00
ES51,Heating Tertiary,2010,6378,1.3304600451025986e-05,2010/09/23 17:00:00
ES51,Heating Tertiary,2010,6379,1.3349600452551486e-05,2010/09/23 18:00:00
ES51,Heating Tertiary,2010,6380,1.3423300455049915e-05,2010/09/23 19:00:00
ES51,Heating Tertiary,2010,6381,1.3752200466199626e-05,2010/09/23 20:00:00
ES51,Heating Tertiary,2010,6382,1.470530049850972e-05,2010/09/23 21:00:00
ES51,Heating Tertiary,2010,6383,1.6552100561116244e-05,2010/09/23 22:00:00
ES51,Heating Tertiary,2010,6384,1.9257400652825927e-05,2010/09/23 23:00:00
ES51,Heating Tertiary,2010,6385,2.2416800759929593e-05,2010/09/24 00:00:00
ES51,Heating Tertiary,2010,6386,2.5392200860795665e-05,2010/09/24 01:00:00
ES51,Heating Tertiary,2010,6387,2.7669000937979196e-05,2010/09/24 02:00:00
ES51,Heating Tertiary,2010,6388,2.903820098439508e-05,2010/09/24 03:00:00
ES51,Heating Tertiary,2010,6389,2.9748101008460694e-05,2010/09/24 04:00:00
ES51,Heating Tertiary,2010,6390,3.0011601017393342e-05,2010/09/24 05:00:00
ES51,Heating Tertiary,2010,6391,2.9456600998578843e-05,2010/09/24 06:00:00
ES51,Heating Tertiary,2010,6392,2.7709500939352142e-05,2010/09/24 07:00:00
ES51,Heating Tertiary,2010,6393,2.4972300846561056e-05,2010/09/24 08:00:00
ES51,Heating Tertiary,2010,6394,2.1845300740555745e-05,2010/09/24 09:00:00
ES51,Heating Tertiary,2010,6395,1.9039500645439116e-05,2010/09/24 10:00:00
ES51,Heating Tertiary,2010,6396,1.6872500571977807e-05,2010/09/24 11:00:00
ES51,Heating Tertiary,2010,6397,1.5367500520958302e-05,2010/09/24 12:00:00
ES51,Heating Tertiary,2010,6398,1.4242100482807239e-05,2010/09/24 13:00:00
ES51,Heating Tertiary,2010,6399,1.3487000457209345e-05,2010/09/24 14:00:00
ES51,Heating Tertiary,2010,6400,1.3152100445856235e-05,2010/09/24 15:00:00
ES51,Heating Tertiary,2010,6401,1.3170300446473214e-05,2010/09/24 16:00:00
ES51,Heating Tertiary,2010,6402,1.3304600451025986e-05,2010/09/24 17:00:00
ES51,Heating Tertiary,2010,6403,1.3349600452551486e-05,2010/09/24 18:00:00
ES51,Heating Tertiary,2010,6404,1.3423300455049915e-05,2010/09/24 19:00:00
ES51,Heating Tertiary,2010,6405,1.3752200466199626e-05,2010/09/24 20:00:00
ES51,Heating Tertiary,2010,6406,1.470530049850972e-05,2010/09/24 21:00:00
ES51,Heating Tertiary,2010,6407,1.6552100561116244e-05,2010/09/24 22:00:00
ES51,Heating Tertiary,2010,6408,1.9257400652825927e-05,2010/09/24 23:00:00
ES51,Heating Tertiary,2010,6409,2.349440079646024e-05,2010/09/25 00:00:00
ES51,Heating Tertiary,2010,6410,2.675220090689967e-05,2010/09/25 01:00:00
ES51,Heating Tertiary,2010,6411,2.9133300987618967e-05,2010/09/25 02:00:00
ES51,Heating Tertiary,2010,6412,3.0497701033872133e-05,2010/09/25 03:00:00
ES51,Heating Tertiary,2010,6413,3.1322901061846416e-05,2010/09/25 04:00:00
ES51,Heating Tertiary,2010,6414,3.1755301076504775e-05,2010/09/25 05:00:00
ES51,Heating Tertiary,2010,6415,3.1304101061209095e-05,2010/09/25 06:00:00
ES51,Heating Tertiary,2010,6416,2.960920100375198e-05,2010/09/25 07:00:00
ES51,Heating Tertiary,2010,6417,2.6869900910889702e-05,2010/09/25 08:00:00
ES51,Heating Tertiary,2010,6418,2.364430080154185e-05,2010/09/25 09:00:00
ES51,Heating Tertiary,2010,6419,2.05457006964993e-05,2010/09/25 10:00:00
ES51,Heating Tertiary,2010,6420,1.806450061238661e-05,2010/09/25 11:00:00
ES51,Heating Tertiary,2010,6421,1.6290400552244617e-05,2010/09/25 12:00:00
ES51,Heating Tertiary,2010,6422,1.4988300508103422e-05,2010/09/25 13:00:00
ES51,Heating Tertiary,2010,6423,1.4071100477010338e-05,2010/09/25 14:00:00
ES51,Heating Tertiary,2010,6424,1.3667400463324907e-05,2010/09/25 15:00:00
ES51,Heating Tertiary,2010,6425,1.3719600465094487e-05,2010/09/25 16:00:00
ES51,Heating Tertiary,2010,6426,1.3903400471325307e-05,2010/09/25 17:00:00
ES51,Heating Tertiary,2010,6427,1.3961400473291507e-05,2010/09/25 18:00:00
ES51,Heating Tertiary,2010,6428,1.3949200472877927e-05,2010/09/25 19:00:00
ES51,Heating Tertiary,2010,6429,1.4126000478871447e-05,2010/09/25 20:00:00
ES51,Heating Tertiary,2010,6430,1.4956600507028791e-05,2010/09/25 21:00:00
ES51,Heating Tertiary,2010,6431,1.6886200572442238e-05,2010/09/25 22:00:00
ES51,Heating Tertiary,2010,6432,1.9888200674210047e-05,2010/09/25 23:00:00
ES51,Heating Tertiary,2010,6433,2.3236800787727598e-05,2010/09/26 00:00:00
ES51,Heating Tertiary,2010,6434,2.6768400907448852e-05,2010/09/26 01:00:00
ES51,Heating Tertiary,2010,6435,2.9619901004114713e-05,2010/09/26 02:00:00
ES51,Heating Tertiary,2010,6436,3.1376001063646505e-05,2010/09/26 03:00:00
ES51,Heating Tertiary,2010,6437,3.2174801090725826e-05,2010/09/26 04:00:00
ES51,Heating Tertiary,2010,6438,3.244870110001104e-05,2010/09/26 05:00:00
ES51,Heating Tertiary,2010,6439,3.1865001080223605e-05,2010/09/26 06:00:00
ES51,Heating Tertiary,2010,6440,3.0150701022108832e-05,2010/09/26 07:00:00
ES51,Heating Tertiary,2010,6441,2.7432500929961846e-05,2010/09/26 08:00:00
ES51,Heating Tertiary,2010,6442,2.4225200821234363e-05,2010/09/26 09:00:00
ES51,Heating Tertiary,2010,6443,2.1216700719246202e-05,2010/09/26 10:00:00
ES51,Heating Tertiary,2010,6444,1.8898300640652433e-05,2010/09/26 11:00:00
ES51,Heating Tertiary,2010,6445,1.7297800586395477e-05,2010/09/26 12:00:00
ES51,Heating Tertiary,2010,6446,1.6064200544576433e-05,2010/09/26 13:00:00
ES51,Heating Tertiary,2010,6447,1.5114100512368043e-05,2010/09/26 14:00:00
ES51,Heating Tertiary,2010,6448,1.458940049458071e-05,2010/09/26 15:00:00
ES51,Heating Tertiary,2010,6449,1.435580048666167e-05,2010/09/26 16:00:00
ES51,Heating Tertiary,2010,6450,1.4243300482847918e-05,2010/09/26 17:00:00
ES51,Heating Tertiary,2010,6451,1.4063200476742528e-05,2010/09/26 18:00:00
ES51,Heating Tertiary,2010,6452,1.4001100474637337e-05,2010/09/26 19:00:00
ES51,Heating Tertiary,2010,6453,1.4252200483149628e-05,2010/09/26 20:00:00
ES51,Heating Tertiary,2010,6454,1.5156000513788453e-05,2010/09/26 21:00:00
ES51,Heating Tertiary,2010,6455,1.7014000576774658e-05,2010/09/26 22:00:00
ES51,Heating Tertiary,2010,6456,1.9786100670748857e-05,2010/09/26 23:00:00
ES51,Heating Tertiary,2010,6457,7.659080259642839e-05,2010/09/27 00:00:00
ES51,Heating Tertiary,2010,6458,8.675670294105242e-05,2010/09/27 01:00:00
ES51,Heating Tertiary,2010,6459,9.453580320476393e-05,2010/09/27 02:00:00
ES51,Heating Tertiary,2010,6460,9.921400336335494e-05,2010/09/27 03:00:00
ES51,Heating Tertiary,2010,6461,0.00010163900344556245,2010/09/27 04:00:00
ES51,Heating Tertiary,2010,6462,0.00010253900347607245,2010/09/27 05:00:00
ES51,Heating Tertiary,2010,6463,0.00010064300341179804,2010/09/27 06:00:00
ES51,Heating Tertiary,2010,6464,9.46741032094523e-05,2010/09/27 07:00:00
ES51,Heating Tertiary,2010,6465,8.53219028924127e-05,2010/09/27 08:00:00
ES51,Heating Tertiary,2010,6466,7.463810253023184e-05,2010/09/27 09:00:00
ES51,Heating Tertiary,2010,6467,6.505170220525285e-05,2010/09/27 10:00:00
ES51,Heating Tertiary,2010,6468,5.764760195425383e-05,2010/09/27 11:00:00
ES51,Heating Tertiary,2010,6469,5.2505501779936625e-05,2010/09/27 12:00:00
ES51,Heating Tertiary,2010,6470,4.866030164958434e-05,2010/09/27 13:00:00
ES51,Heating Tertiary,2010,6471,4.608020156211894e-05,2010/09/27 14:00:00
ES51,Heating Tertiary,2010,6472,4.493640152334411e-05,2010/09/27 15:00:00
ES51,Heating Tertiary,2010,6473,4.49986015254527e-05,2010/09/27 16:00:00
ES51,Heating Tertiary,2010,6474,4.545730154100262e-05,2010/09/27 17:00:00
ES51,Heating Tertiary,2010,6475,4.561130154622323e-05,2010/09/27 18:00:00
ES51,Heating Tertiary,2010,6476,4.586290155475247e-05,2010/09/27 19:00:00
ES51,Heating Tertiary,2010,6477,4.69866015928459e-05,2010/09/27 20:00:00
ES51,Heating Tertiary,2010,6478,5.024300170323787e-05,2010/09/27 21:00:00
ES51,Heating Tertiary,2010,6479,5.655310191715028e-05,2010/09/27 22:00:00
ES51,Heating Tertiary,2010,6480,6.57963022304948e-05,2010/09/27 23:00:00
ES51,Heating Tertiary,2010,6481,7.659080259642839e-05,2010/09/28 00:00:00
ES51,Heating Tertiary,2010,6482,8.675670294105242e-05,2010/09/28 01:00:00
ES51,Heating Tertiary,2010,6483,9.453580320476393e-05,2010/09/28 02:00:00
ES51,Heating Tertiary,2010,6484,9.921400336335494e-05,2010/09/28 03:00:00
ES51,Heating Tertiary,2010,6485,0.00010163900344556245,2010/09/28 04:00:00
ES51,Heating Tertiary,2010,6486,0.00010253900347607245,2010/09/28 05:00:00
ES51,Heating Tertiary,2010,6487,0.00010064300341179804,2010/09/28 06:00:00
ES51,Heating Tertiary,2010,6488,9.46741032094523e-05,2010/09/28 07:00:00
ES51,Heating Tertiary,2010,6489,8.53219028924127e-05,2010/09/28 08:00:00
ES51,Heating Tertiary,2010,6490,7.463810253023184e-05,2010/09/28 09:00:00
ES51,Heating Tertiary,2010,6491,6.505170220525285e-05,2010/09/28 10:00:00
ES51,Heating Tertiary,2010,6492,5.764760195425383e-05,2010/09/28 11:00:00
ES51,Heating Tertiary,2010,6493,5.2505501779936625e-05,2010/09/28 12:00:00
ES51,Heating Tertiary,2010,6494,4.866030164958434e-05,2010/09/28 13:00:00
ES51,Heating Tertiary,2010,6495,4.608020156211894e-05,2010/09/28 14:00:00
ES51,Heating Tertiary,2010,6496,4.493640152334411e-05,2010/09/28 15:00:00
ES51,Heating Tertiary,2010,6497,4.49986015254527e-05,2010/09/28 16:00:00
ES51,Heating Tertiary,2010,6498,4.545730154100262e-05,2010/09/28 17:00:00
ES51,Heating Tertiary,2010,6499,4.561130154622323e-05,2010/09/28 18:00:00
ES51,Heating Tertiary,2010,6500,4.586290155475247e-05,2010/09/28 19:00:00
ES51,Heating Tertiary,2010,6501,4.69866015928459e-05,2010/09/28 20:00:00
ES51,Heating Tertiary,2010,6502,5.024300170323787e-05,2010/09/28 21:00:00
ES51,Heating Tertiary,2010,6503,5.655310191715028e-05,2010/09/28 22:00:00
ES51,Heating Tertiary,2010,6504,6.57963022304948e-05,2010/09/28 23:00:00
ES51,Heating Tertiary,2010,6505,7.659080259642839e-05,2010/09/29 00:00:00
ES51,Heating Tertiary,2010,6506,8.675670294105242e-05,2010/09/29 01:00:00
ES51,Heating Tertiary,2010,6507,9.453580320476393e-05,2010/09/29 02:00:00
ES51,Heating Tertiary,2010,6508,9.921400336335494e-05,2010/09/29 03:00:00
ES51,Heating Tertiary,2010,6509,0.00010163900344556245,2010/09/29 04:00:00
ES51,Heating Tertiary,2010,6510,0.00010253900347607245,2010/09/29 05:00:00
ES51,Heating Tertiary,2010,6511,0.00010064300341179804,2010/09/29 06:00:00
ES51,Heating Tertiary,2010,6512,9.46741032094523e-05,2010/09/29 07:00:00
ES51,Heating Tertiary,2010,6513,8.53219028924127e-05,2010/09/29 08:00:00
ES51,Heating Tertiary,2010,6514,7.463810253023184e-05,2010/09/29 09:00:00
ES51,Heating Tertiary,2010,6515,6.505170220525285e-05,2010/09/29 10:00:00
ES51,Heating Tertiary,2010,6516,5.764760195425383e-05,2010/09/29 11:00:00
ES51,Heating Tertiary,2010,6517,5.2505501779936625e-05,2010/09/29 12:00:00
ES51,Heating Tertiary,2010,6518,4.866030164958434e-05,2010/09/29 13:00:00
ES51,Heating Tertiary,2010,6519,4.608020156211894e-05,2010/09/29 14:00:00
ES51,Heating Tertiary,2010,6520,4.493640152334411e-05,2010/09/29 15:00:00
ES51,Heating Tertiary,2010,6521,4.49986015254527e-05,2010/09/29 16:00:00
ES51,Heating Tertiary,2010,6522,4.545730154100262e-05,2010/09/29 17:00:00
ES51,Heating Tertiary,2010,6523,4.561130154622323e-05,2010/09/29 18:00:00
ES51,Heating Tertiary,2010,6524,4.586290155475247e-05,2010/09/29 19:00:00
ES51,Heating Tertiary,2010,6525,4.69866015928459e-05,2010/09/29 20:00:00
ES51,Heating Tertiary,2010,6526,5.024300170323787e-05,2010/09/29 21:00:00
ES51,Heating Tertiary,2010,6527,5.655310191715028e-05,2010/09/29 22:00:00
ES51,Heating Tertiary,2010,6528,6.57963022304948e-05,2010/09/29 23:00:00
ES51,Heating Tertiary,2010,6529,4.856980164651639e-05,2010/09/30 00:00:00
ES51,Heating Tertiary,2010,6530,5.501640186505614e-05,2010/09/30 01:00:00
ES51,Heating Tertiary,2010,6531,5.994950203228826e-05,2010/09/30 02:00:00
ES51,Heating Tertiary,2010,6532,6.291620213285939e-05,2010/09/30 03:00:00
ES51,Heating Tertiary,2010,6533,6.44542021849976e-05,2010/09/30 04:00:00
ES51,Heating Tertiary,2010,6534,6.502510220435111e-05,2010/09/30 05:00:00
ES51,Heating Tertiary,2010,6535,6.382250216358296e-05,2010/09/30 06:00:00
ES51,Heating Tertiary,2010,6536,6.0037202035261284e-05,2010/09/30 07:00:00
ES51,Heating Tertiary,2010,6537,5.410660183421392e-05,2010/09/30 08:00:00
ES51,Heating Tertiary,2010,6538,4.733150160453801e-05,2010/09/30 09:00:00
ES51,Heating Tertiary,2010,6539,4.125230139845311e-05,2010/09/30 10:00:00
ES51,Heating Tertiary,2010,6540,3.655700123928243e-05,2010/09/30 11:00:00
ES51,Heating Tertiary,2010,6541,3.3296201128741294e-05,2010/09/30 12:00:00
ES51,Heating Tertiary,2010,6542,3.0857801046079525e-05,2010/09/30 13:00:00
ES51,Heating Tertiary,2010,6543,2.9221600990612338e-05,2010/09/30 14:00:00
ES51,Heating Tertiary,2010,6544,2.849620096602128e-05,2010/09/30 15:00:00
ES51,Heating Tertiary,2010,6545,2.8535700967360325e-05,2010/09/30 16:00:00
ES51,Heating Tertiary,2010,6546,2.8826600977221836e-05,2010/09/30 17:00:00
ES51,Heating Tertiary,2010,6547,2.8924200980530476e-05,2010/09/30 18:00:00
ES51,Heating Tertiary,2010,6548,2.908380098594092e-05,2010/09/30 19:00:00
ES51,Heating Tertiary,2010,6549,2.979640101009806e-05,2010/09/30 20:00:00
ES51,Heating Tertiary,2010,6550,3.186140108010157e-05,2010/09/30 21:00:00
ES51,Heating Tertiary,2010,6551,3.586290121575243e-05,2010/09/30 22:00:00
ES51,Heating Tertiary,2010,6552,4.172450141446069e-05,2010/09/30 23:00:00
ES51,Heating Tertiary,2010,6553,2.2416800759929593e-05,2010/10/01 00:00:00
ES51,Heating Tertiary,2010,6554,2.5392200860795665e-05,2010/10/01 01:00:00
ES51,Heating Tertiary,2010,6555,2.7669000937979196e-05,2010/10/01 02:00:00
ES51,Heating Tertiary,2010,6556,2.903820098439508e-05,2010/10/01 03:00:00
ES51,Heating Tertiary,2010,6557,2.9748101008460694e-05,2010/10/01 04:00:00
ES51,Heating Tertiary,2010,6558,3.0011601017393342e-05,2010/10/01 05:00:00
ES51,Heating Tertiary,2010,6559,2.9456600998578843e-05,2010/10/01 06:00:00
ES51,Heating Tertiary,2010,6560,2.7709500939352142e-05,2010/10/01 07:00:00
ES51,Heating Tertiary,2010,6561,2.4972300846561056e-05,2010/10/01 08:00:00
ES51,Heating Tertiary,2010,6562,2.1845300740555745e-05,2010/10/01 09:00:00
ES51,Heating Tertiary,2010,6563,1.9039500645439116e-05,2010/10/01 10:00:00
ES51,Heating Tertiary,2010,6564,1.6872500571977807e-05,2010/10/01 11:00:00
ES51,Heating Tertiary,2010,6565,1.5367500520958302e-05,2010/10/01 12:00:00
ES51,Heating Tertiary,2010,6566,1.4242100482807239e-05,2010/10/01 13:00:00
ES51,Heating Tertiary,2010,6567,1.3487000457209345e-05,2010/10/01 14:00:00
ES51,Heating Tertiary,2010,6568,1.3152100445856235e-05,2010/10/01 15:00:00
ES51,Heating Tertiary,2010,6569,1.3170300446473214e-05,2010/10/01 16:00:00
ES51,Heating Tertiary,2010,6570,1.3304600451025986e-05,2010/10/01 17:00:00
ES51,Heating Tertiary,2010,6571,1.3349600452551486e-05,2010/10/01 18:00:00
ES51,Heating Tertiary,2010,6572,1.3423300455049915e-05,2010/10/01 19:00:00
ES51,Heating Tertiary,2010,6573,1.3752200466199626e-05,2010/10/01 20:00:00
ES51,Heating Tertiary,2010,6574,1.470530049850972e-05,2010/10/01 21:00:00
ES51,Heating Tertiary,2010,6575,1.6552100561116244e-05,2010/10/01 22:00:00
ES51,Heating Tertiary,2010,6576,1.9257400652825927e-05,2010/10/01 23:00:00
ES51,Heating Tertiary,2010,6577,2.349440079646024e-05,2010/10/02 00:00:00
ES51,Heating Tertiary,2010,6578,2.675220090689967e-05,2010/10/02 01:00:00
ES51,Heating Tertiary,2010,6579,2.9133300987618967e-05,2010/10/02 02:00:00
ES51,Heating Tertiary,2010,6580,3.0497701033872133e-05,2010/10/02 03:00:00
ES51,Heating Tertiary,2010,6581,3.1322901061846416e-05,2010/10/02 04:00:00
ES51,Heating Tertiary,2010,6582,3.1755301076504775e-05,2010/10/02 05:00:00
ES51,Heating Tertiary,2010,6583,3.1304101061209095e-05,2010/10/02 06:00:00
ES51,Heating Tertiary,2010,6584,2.960920100375198e-05,2010/10/02 07:00:00
ES51,Heating Tertiary,2010,6585,2.6869900910889702e-05,2010/10/02 08:00:00
ES51,Heating Tertiary,2010,6586,2.364430080154185e-05,2010/10/02 09:00:00
ES51,Heating Tertiary,2010,6587,2.05457006964993e-05,2010/10/02 10:00:00
ES51,Heating Tertiary,2010,6588,1.806450061238661e-05,2010/10/02 11:00:00
ES51,Heating Tertiary,2010,6589,1.6290400552244617e-05,2010/10/02 12:00:00
ES51,Heating Tertiary,2010,6590,1.4988300508103422e-05,2010/10/02 13:00:00
ES51,Heating Tertiary,2010,6591,1.4071100477010338e-05,2010/10/02 14:00:00
ES51,Heating Tertiary,2010,6592,1.3667400463324907e-05,2010/10/02 15:00:00
ES51,Heating Tertiary,2010,6593,1.3719600465094487e-05,2010/10/02 16:00:00
ES51,Heating Tertiary,2010,6594,1.3903400471325307e-05,2010/10/02 17:00:00
ES51,Heating Tertiary,2010,6595,1.3961400473291507e-05,2010/10/02 18:00:00
ES51,Heating Tertiary,2010,6596,1.3949200472877927e-05,2010/10/02 19:00:00
ES51,Heating Tertiary,2010,6597,1.4126000478871447e-05,2010/10/02 20:00:00
ES51,Heating Tertiary,2010,6598,1.4956600507028791e-05,2010/10/02 21:00:00
ES51,Heating Tertiary,2010,6599,1.6886200572442238e-05,2010/10/02 22:00:00
ES51,Heating Tertiary,2010,6600,1.9888200674210047e-05,2010/10/02 23:00:00
ES51,Heating Tertiary,2010,6601,2.3236800787727598e-05,2010/10/03 00:00:00
ES51,Heating Tertiary,2010,6602,2.6768400907448852e-05,2010/10/03 01:00:00
ES51,Heating Tertiary,2010,6603,2.9619901004114713e-05,2010/10/03 02:00:00
ES51,Heating Tertiary,2010,6604,3.1376001063646505e-05,2010/10/03 03:00:00
ES51,Heating Tertiary,2010,6605,3.2174801090725826e-05,2010/10/03 04:00:00
ES51,Heating Tertiary,2010,6606,3.244870110001104e-05,2010/10/03 05:00:00
ES51,Heating Tertiary,2010,6607,3.1865001080223605e-05,2010/10/03 06:00:00
ES51,Heating Tertiary,2010,6608,3.0150701022108832e-05,2010/10/03 07:00:00
ES51,Heating Tertiary,2010,6609,2.7432500929961846e-05,2010/10/03 08:00:00
ES51,Heating Tertiary,2010,6610,2.4225200821234363e-05,2010/10/03 09:00:00
ES51,Heating Tertiary,2010,6611,2.1216700719246202e-05,2010/10/03 10:00:00
ES51,Heating Tertiary,2010,6612,1.8898300640652433e-05,2010/10/03 11:00:00
ES51,Heating Tertiary,2010,6613,1.7297800586395477e-05,2010/10/03 12:00:00
ES51,Heating Tertiary,2010,6614,1.6064200544576433e-05,2010/10/03 13:00:00
ES51,Heating Tertiary,2010,6615,1.5114100512368043e-05,2010/10/03 14:00:00
ES51,Heating Tertiary,2010,6616,1.458940049458071e-05,2010/10/03 15:00:00
ES51,Heating Tertiary,2010,6617,1.435580048666167e-05,2010/10/03 16:00:00
ES51,Heating Tertiary,2010,6618,1.4243300482847918e-05,2010/10/03 17:00:00
ES51,Heating Tertiary,2010,6619,1.4063200476742528e-05,2010/10/03 18:00:00
ES51,Heating Tertiary,2010,6620,1.4001100474637337e-05,2010/10/03 19:00:00
ES51,Heating Tertiary,2010,6621,1.4252200483149628e-05,2010/10/03 20:00:00
ES51,Heating Tertiary,2010,6622,1.5156000513788453e-05,2010/10/03 21:00:00
ES51,Heating Tertiary,2010,6623,1.7014000576774658e-05,2010/10/03 22:00:00
ES51,Heating Tertiary,2010,6624,1.9786100670748857e-05,2010/10/03 23:00:00
ES51,Heating Tertiary,2010,6625,2.2416800759929593e-05,2010/10/04 00:00:00
ES51,Heating Tertiary,2010,6626,2.5392200860795665e-05,2010/10/04 01:00:00
ES51,Heating Tertiary,2010,6627,2.7669000937979196e-05,2010/10/04 02:00:00
ES51,Heating Tertiary,2010,6628,2.903820098439508e-05,2010/10/04 03:00:00
ES51,Heating Tertiary,2010,6629,2.9748101008460694e-05,2010/10/04 04:00:00
ES51,Heating Tertiary,2010,6630,3.0011601017393342e-05,2010/10/04 05:00:00
ES51,Heating Tertiary,2010,6631,2.9456600998578843e-05,2010/10/04 06:00:00
ES51,Heating Tertiary,2010,6632,2.7709500939352142e-05,2010/10/04 07:00:00
ES51,Heating Tertiary,2010,6633,2.4972300846561056e-05,2010/10/04 08:00:00
ES51,Heating Tertiary,2010,6634,2.1845300740555745e-05,2010/10/04 09:00:00
ES51,Heating Tertiary,2010,6635,1.9039500645439116e-05,2010/10/04 10:00:00
ES51,Heating Tertiary,2010,6636,1.6872500571977807e-05,2010/10/04 11:00:00
ES51,Heating Tertiary,2010,6637,1.5367500520958302e-05,2010/10/04 12:00:00
ES51,Heating Tertiary,2010,6638,1.4242100482807239e-05,2010/10/04 13:00:00
ES51,Heating Tertiary,2010,6639,1.3487000457209345e-05,2010/10/04 14:00:00
ES51,Heating Tertiary,2010,6640,1.3152100445856235e-05,2010/10/04 15:00:00
ES51,Heating Tertiary,2010,6641,1.3170300446473214e-05,2010/10/04 16:00:00
ES51,Heating Tertiary,2010,6642,1.3304600451025986e-05,2010/10/04 17:00:00
ES51,Heating Tertiary,2010,6643,1.3349600452551486e-05,2010/10/04 18:00:00
ES51,Heating Tertiary,2010,6644,1.3423300455049915e-05,2010/10/04 19:00:00
ES51,Heating Tertiary,2010,6645,1.3752200466199626e-05,2010/10/04 20:00:00
ES51,Heating Tertiary,2010,6646,1.470530049850972e-05,2010/10/04 21:00:00
ES51,Heating Tertiary,2010,6647,1.6552100561116244e-05,2010/10/04 22:00:00
ES51,Heating Tertiary,2010,6648,1.9257400652825927e-05,2010/10/04 23:00:00
ES51,Heating Tertiary,2010,6649,2.2416800759929593e-05,2010/10/05 00:00:00
ES51,Heating Tertiary,2010,6650,2.5392200860795665e-05,2010/10/05 01:00:00
ES51,Heating Tertiary,2010,6651,2.7669000937979196e-05,2010/10/05 02:00:00
ES51,Heating Tertiary,2010,6652,2.903820098439508e-05,2010/10/05 03:00:00
ES51,Heating Tertiary,2010,6653,2.9748101008460694e-05,2010/10/05 04:00:00
ES51,Heating Tertiary,2010,6654,3.0011601017393342e-05,2010/10/05 05:00:00
ES51,Heating Tertiary,2010,6655,2.9456600998578843e-05,2010/10/05 06:00:00
ES51,Heating Tertiary,2010,6656,2.7709500939352142e-05,2010/10/05 07:00:00
ES51,Heating Tertiary,2010,6657,2.4972300846561056e-05,2010/10/05 08:00:00
ES51,Heating Tertiary,2010,6658,2.1845300740555745e-05,2010/10/05 09:00:00
ES51,Heating Tertiary,2010,6659,1.9039500645439116e-05,2010/10/05 10:00:00
ES51,Heating Tertiary,2010,6660,1.6872500571977807e-05,2010/10/05 11:00:00
ES51,Heating Tertiary,2010,6661,1.5367500520958302e-05,2010/10/05 12:00:00
ES51,Heating Tertiary,2010,6662,1.4242100482807239e-05,2010/10/05 13:00:00
ES51,Heating Tertiary,2010,6663,1.3487000457209345e-05,2010/10/05 14:00:00
ES51,Heating Tertiary,2010,6664,1.3152100445856235e-05,2010/10/05 15:00:00
ES51,Heating Tertiary,2010,6665,1.3170300446473214e-05,2010/10/05 16:00:00
ES51,Heating Tertiary,2010,6666,1.3304600451025986e-05,2010/10/05 17:00:00
ES51,Heating Tertiary,2010,6667,1.3349600452551486e-05,2010/10/05 18:00:00
ES51,Heating Tertiary,2010,6668,1.3423300455049915e-05,2010/10/05 19:00:00
ES51,Heating Tertiary,2010,6669,1.3752200466199626e-05,2010/10/05 20:00:00
ES51,Heating Tertiary,2010,6670,1.470530049850972e-05,2010/10/05 21:00:00
ES51,Heating Tertiary,2010,6671,1.6552100561116244e-05,2010/10/05 22:00:00
ES51,Heating Tertiary,2010,6672,1.9257400652825927e-05,2010/10/05 23:00:00
ES51,Heating Tertiary,2010,6673,2.2416800759929593e-05,2010/10/06 00:00:00
ES51,Heating Tertiary,2010,6674,2.5392200860795665e-05,2010/10/06 01:00:00
ES51,Heating Tertiary,2010,6675,2.7669000937979196e-05,2010/10/06 02:00:00
ES51,Heating Tertiary,2010,6676,2.903820098439508e-05,2010/10/06 03:00:00
ES51,Heating Tertiary,2010,6677,2.9748101008460694e-05,2010/10/06 04:00:00
ES51,Heating Tertiary,2010,6678,3.0011601017393342e-05,2010/10/06 05:00:00
ES51,Heating Tertiary,2010,6679,2.9456600998578843e-05,2010/10/06 06:00:00
ES51,Heating Tertiary,2010,6680,2.7709500939352142e-05,2010/10/06 07:00:00
ES51,Heating Tertiary,2010,6681,2.4972300846561056e-05,2010/10/06 08:00:00
ES51,Heating Tertiary,2010,6682,2.1845300740555745e-05,2010/10/06 09:00:00
ES51,Heating Tertiary,2010,6683,1.9039500645439116e-05,2010/10/06 10:00:00
ES51,Heating Tertiary,2010,6684,1.6872500571977807e-05,2010/10/06 11:00:00
ES51,Heating Tertiary,2010,6685,1.5367500520958302e-05,2010/10/06 12:00:00
ES51,Heating Tertiary,2010,6686,1.4242100482807239e-05,2010/10/06 13:00:00
ES51,Heating Tertiary,2010,6687,1.3487000457209345e-05,2010/10/06 14:00:00
ES51,Heating Tertiary,2010,6688,1.3152100445856235e-05,2010/10/06 15:00:00
ES51,Heating Tertiary,2010,6689,1.3170300446473214e-05,2010/10/06 16:00:00
ES51,Heating Tertiary,2010,6690,1.3304600451025986e-05,2010/10/06 17:00:00
ES51,Heating Tertiary,2010,6691,1.3349600452551486e-05,2010/10/06 18:00:00
ES51,Heating Tertiary,2010,6692,1.3423300455049915e-05,2010/10/06 19:00:00
ES51,Heating Tertiary,2010,6693,1.3752200466199626e-05,2010/10/06 20:00:00
ES51,Heating Tertiary,2010,6694,1.470530049850972e-05,2010/10/06 21:00:00
ES51,Heating Tertiary,2010,6695,1.6552100561116244e-05,2010/10/06 22:00:00
ES51,Heating Tertiary,2010,6696,1.9257400652825927e-05,2010/10/06 23:00:00
ES51,Heating Tertiary,2010,6697,2.2416800759929593e-05,2010/10/07 00:00:00
ES51,Heating Tertiary,2010,6698,2.5392200860795665e-05,2010/10/07 01:00:00
ES51,Heating Tertiary,2010,6699,2.7669000937979196e-05,2010/10/07 02:00:00
ES51,Heating Tertiary,2010,6700,2.903820098439508e-05,2010/10/07 03:00:00
ES51,Heating Tertiary,2010,6701,2.9748101008460694e-05,2010/10/07 04:00:00
ES51,Heating Tertiary,2010,6702,3.0011601017393342e-05,2010/10/07 05:00:00
ES51,Heating Tertiary,2010,6703,2.9456600998578843e-05,2010/10/07 06:00:00
ES51,Heating Tertiary,2010,6704,2.7709500939352142e-05,2010/10/07 07:00:00
ES51,Heating Tertiary,2010,6705,2.4972300846561056e-05,2010/10/07 08:00:00
ES51,Heating Tertiary,2010,6706,2.1845300740555745e-05,2010/10/07 09:00:00
ES51,Heating Tertiary,2010,6707,1.9039500645439116e-05,2010/10/07 10:00:00
ES51,Heating Tertiary,2010,6708,1.6872500571977807e-05,2010/10/07 11:00:00
ES51,Heating Tertiary,2010,6709,1.5367500520958302e-05,2010/10/07 12:00:00
ES51,Heating Tertiary,2010,6710,1.4242100482807239e-05,2010/10/07 13:00:00
ES51,Heating Tertiary,2010,6711,1.3487000457209345e-05,2010/10/07 14:00:00
ES51,Heating Tertiary,2010,6712,1.3152100445856235e-05,2010/10/07 15:00:00
ES51,Heating Tertiary,2010,6713,1.3170300446473214e-05,2010/10/07 16:00:00
ES51,Heating Tertiary,2010,6714,1.3304600451025986e-05,2010/10/07 17:00:00
ES51,Heating Tertiary,2010,6715,1.3349600452551486e-05,2010/10/07 18:00:00
ES51,Heating Tertiary,2010,6716,1.3423300455049915e-05,2010/10/07 19:00:00
ES51,Heating Tertiary,2010,6717,1.3752200466199626e-05,2010/10/07 20:00:00
ES51,Heating Tertiary,2010,6718,1.470530049850972e-05,2010/10/07 21:00:00
ES51,Heating Tertiary,2010,6719,1.6552100561116244e-05,2010/10/07 22:00:00
ES51,Heating Tertiary,2010,6720,1.9257400652825927e-05,2010/10/07 23:00:00
ES51,Heating Tertiary,2010,6721,2.2416800759929593e-05,2010/10/08 00:00:00
ES51,Heating Tertiary,2010,6722,2.5392200860795665e-05,2010/10/08 01:00:00
ES51,Heating Tertiary,2010,6723,2.7669000937979196e-05,2010/10/08 02:00:00
ES51,Heating Tertiary,2010,6724,2.903820098439508e-05,2010/10/08 03:00:00
ES51,Heating Tertiary,2010,6725,2.9748101008460694e-05,2010/10/08 04:00:00
ES51,Heating Tertiary,2010,6726,3.0011601017393342e-05,2010/10/08 05:00:00
ES51,Heating Tertiary,2010,6727,2.9456600998578843e-05,2010/10/08 06:00:00
ES51,Heating Tertiary,2010,6728,2.7709500939352142e-05,2010/10/08 07:00:00
ES51,Heating Tertiary,2010,6729,2.4972300846561056e-05,2010/10/08 08:00:00
ES51,Heating Tertiary,2010,6730,2.1845300740555745e-05,2010/10/08 09:00:00
ES51,Heating Tertiary,2010,6731,1.9039500645439116e-05,2010/10/08 10:00:00
ES51,Heating Tertiary,2010,6732,1.6872500571977807e-05,2010/10/08 11:00:00
ES51,Heating Tertiary,2010,6733,1.5367500520958302e-05,2010/10/08 12:00:00
ES51,Heating Tertiary,2010,6734,1.4242100482807239e-05,2010/10/08 13:00:00
ES51,Heating Tertiary,2010,6735,1.3487000457209345e-05,2010/10/08 14:00:00
ES51,Heating Tertiary,2010,6736,1.3152100445856235e-05,2010/10/08 15:00:00
ES51,Heating Tertiary,2010,6737,1.3170300446473214e-05,2010/10/08 16:00:00
ES51,Heating Tertiary,2010,6738,1.3304600451025986e-05,2010/10/08 17:00:00
ES51,Heating Tertiary,2010,6739,1.3349600452551486e-05,2010/10/08 18:00:00
ES51,Heating Tertiary,2010,6740,1.3423300455049915e-05,2010/10/08 19:00:00
ES51,Heating Tertiary,2010,6741,1.3752200466199626e-05,2010/10/08 20:00:00
ES51,Heating Tertiary,2010,6742,1.470530049850972e-05,2010/10/08 21:00:00
ES51,Heating Tertiary,2010,6743,1.6552100561116244e-05,2010/10/08 22:00:00
ES51,Heating Tertiary,2010,6744,1.9257400652825927e-05,2010/10/08 23:00:00
ES51,Heating Tertiary,2010,6745,2.349440079646024e-05,2010/10/09 00:00:00
ES51,Heating Tertiary,2010,6746,2.675220090689967e-05,2010/10/09 01:00:00
ES51,Heating Tertiary,2010,6747,2.9133300987618967e-05,2010/10/09 02:00:00
ES51,Heating Tertiary,2010,6748,3.0497701033872133e-05,2010/10/09 03:00:00
ES51,Heating Tertiary,2010,6749,3.1322901061846416e-05,2010/10/09 04:00:00
ES51,Heating Tertiary,2010,6750,3.1755301076504775e-05,2010/10/09 05:00:00
ES51,Heating Tertiary,2010,6751,3.1304101061209095e-05,2010/10/09 06:00:00
ES51,Heating Tertiary,2010,6752,2.960920100375198e-05,2010/10/09 07:00:00
ES51,Heating Tertiary,2010,6753,2.6869900910889702e-05,2010/10/09 08:00:00
ES51,Heating Tertiary,2010,6754,2.364430080154185e-05,2010/10/09 09:00:00
ES51,Heating Tertiary,2010,6755,2.05457006964993e-05,2010/10/09 10:00:00
ES51,Heating Tertiary,2010,6756,1.806450061238661e-05,2010/10/09 11:00:00
ES51,Heating Tertiary,2010,6757,1.6290400552244617e-05,2010/10/09 12:00:00
ES51,Heating Tertiary,2010,6758,1.4988300508103422e-05,2010/10/09 13:00:00
ES51,Heating Tertiary,2010,6759,1.4071100477010338e-05,2010/10/09 14:00:00
ES51,Heating Tertiary,2010,6760,1.3667400463324907e-05,2010/10/09 15:00:00
ES51,Heating Tertiary,2010,6761,1.3719600465094487e-05,2010/10/09 16:00:00
ES51,Heating Tertiary,2010,6762,1.3903400471325307e-05,2010/10/09 17:00:00
ES51,Heating Tertiary,2010,6763,1.3961400473291507e-05,2010/10/09 18:00:00
ES51,Heating Tertiary,2010,6764,1.3949200472877927e-05,2010/10/09 19:00:00
ES51,Heating Tertiary,2010,6765,1.4126000478871447e-05,2010/10/09 20:00:00
ES51,Heating Tertiary,2010,6766,1.4956600507028791e-05,2010/10/09 21:00:00
ES51,Heating Tertiary,2010,6767,1.6886200572442238e-05,2010/10/09 22:00:00
ES51,Heating Tertiary,2010,6768,1.9888200674210047e-05,2010/10/09 23:00:00
ES51,Heating Tertiary,2010,6769,2.3236800787727598e-05,2010/10/10 00:00:00
ES51,Heating Tertiary,2010,6770,2.6768400907448852e-05,2010/10/10 01:00:00
ES51,Heating Tertiary,2010,6771,2.9619901004114713e-05,2010/10/10 02:00:00
ES51,Heating Tertiary,2010,6772,3.1376001063646505e-05,2010/10/10 03:00:00
ES51,Heating Tertiary,2010,6773,3.2174801090725826e-05,2010/10/10 04:00:00
ES51,Heating Tertiary,2010,6774,3.244870110001104e-05,2010/10/10 05:00:00
ES51,Heating Tertiary,2010,6775,3.1865001080223605e-05,2010/10/10 06:00:00
ES51,Heating Tertiary,2010,6776,3.0150701022108832e-05,2010/10/10 07:00:00
ES51,Heating Tertiary,2010,6777,2.7432500929961846e-05,2010/10/10 08:00:00
ES51,Heating Tertiary,2010,6778,2.4225200821234363e-05,2010/10/10 09:00:00
ES51,Heating Tertiary,2010,6779,2.1216700719246202e-05,2010/10/10 10:00:00
ES51,Heating Tertiary,2010,6780,1.8898300640652433e-05,2010/10/10 11:00:00
ES51,Heating Tertiary,2010,6781,1.7297800586395477e-05,2010/10/10 12:00:00
ES51,Heating Tertiary,2010,6782,1.6064200544576433e-05,2010/10/10 13:00:00
ES51,Heating Tertiary,2010,6783,1.5114100512368043e-05,2010/10/10 14:00:00
ES51,Heating Tertiary,2010,6784,1.458940049458071e-05,2010/10/10 15:00:00
ES51,Heating Tertiary,2010,6785,1.435580048666167e-05,2010/10/10 16:00:00
ES51,Heating Tertiary,2010,6786,1.4243300482847918e-05,2010/10/10 17:00:00
ES51,Heating Tertiary,2010,6787,1.4063200476742528e-05,2010/10/10 18:00:00
ES51,Heating Tertiary,2010,6788,1.4001100474637337e-05,2010/10/10 19:00:00
ES51,Heating Tertiary,2010,6789,1.4252200483149628e-05,2010/10/10 20:00:00
ES51,Heating Tertiary,2010,6790,1.5156000513788453e-05,2010/10/10 21:00:00
ES51,Heating Tertiary,2010,6791,1.7014000576774658e-05,2010/10/10 22:00:00
ES51,Heating Tertiary,2010,6792,1.9786100670748857e-05,2010/10/10 23:00:00
ES51,Heating Tertiary,2010,6793,2.2416800759929593e-05,2010/10/11 00:00:00
ES51,Heating Tertiary,2010,6794,2.5392200860795665e-05,2010/10/11 01:00:00
ES51,Heating Tertiary,2010,6795,2.7669000937979196e-05,2010/10/11 02:00:00
ES51,Heating Tertiary,2010,6796,2.903820098439508e-05,2010/10/11 03:00:00
ES51,Heating Tertiary,2010,6797,2.9748101008460694e-05,2010/10/11 04:00:00
ES51,Heating Tertiary,2010,6798,3.0011601017393342e-05,2010/10/11 05:00:00
ES51,Heating Tertiary,2010,6799,2.9456600998578843e-05,2010/10/11 06:00:00
ES51,Heating Tertiary,2010,6800,2.7709500939352142e-05,2010/10/11 07:00:00
ES51,Heating Tertiary,2010,6801,2.4972300846561056e-05,2010/10/11 08:00:00
ES51,Heating Tertiary,2010,6802,2.1845300740555745e-05,2010/10/11 09:00:00
ES51,Heating Tertiary,2010,6803,1.9039500645439116e-05,2010/10/11 10:00:00
ES51,Heating Tertiary,2010,6804,1.6872500571977807e-05,2010/10/11 11:00:00
ES51,Heating Tertiary,2010,6805,1.5367500520958302e-05,2010/10/11 12:00:00
ES51,Heating Tertiary,2010,6806,1.4242100482807239e-05,2010/10/11 13:00:00
ES51,Heating Tertiary,2010,6807,1.3487000457209345e-05,2010/10/11 14:00:00
ES51,Heating Tertiary,2010,6808,1.3152100445856235e-05,2010/10/11 15:00:00
ES51,Heating Tertiary,2010,6809,1.3170300446473214e-05,2010/10/11 16:00:00
ES51,Heating Tertiary,2010,6810,1.3304600451025986e-05,2010/10/11 17:00:00
ES51,Heating Tertiary,2010,6811,1.3349600452551486e-05,2010/10/11 18:00:00
ES51,Heating Tertiary,2010,6812,1.3423300455049915e-05,2010/10/11 19:00:00
ES51,Heating Tertiary,2010,6813,1.3752200466199626e-05,2010/10/11 20:00:00
ES51,Heating Tertiary,2010,6814,1.470530049850972e-05,2010/10/11 21:00:00
ES51,Heating Tertiary,2010,6815,1.6552100561116244e-05,2010/10/11 22:00:00
ES51,Heating Tertiary,2010,6816,1.9257400652825927e-05,2010/10/11 23:00:00
ES51,Heating Tertiary,2010,6817,5.034620170673635e-05,2010/10/12 00:00:00
ES51,Heating Tertiary,2010,6818,5.7998201966139175e-05,2010/10/12 01:00:00
ES51,Heating Tertiary,2010,6819,6.417640217558018e-05,2010/10/12 02:00:00
ES51,Heating Tertiary,2010,6820,6.79813023045663e-05,2010/10/12 03:00:00
ES51,Heating Tertiary,2010,6821,6.971200236323705e-05,2010/10/12 04:00:00
ES51,Heating Tertiary,2010,6822,7.030530238334991e-05,2010/10/12 05:00:00
ES51,Heating Tertiary,2010,6823,6.904080234048336e-05,2010/10/12 06:00:00
ES51,Heating Tertiary,2010,6824,6.532650221456857e-05,2010/10/12 07:00:00
ES51,Heating Tertiary,2010,6825,5.94370020149145e-05,2010/10/12 08:00:00
ES51,Heating Tertiary,2010,6826,5.2487801779336595e-05,2010/10/12 09:00:00
ES51,Heating Tertiary,2010,6827,4.5969401558362814e-05,2010/10/12 10:00:00
ES51,Heating Tertiary,2010,6828,4.094630138807971e-05,2010/10/12 11:00:00
ES51,Heating Tertiary,2010,6829,3.7478601270524664e-05,2010/10/12 12:00:00
ES51,Heating Tertiary,2010,6830,3.480570117991335e-05,2010/10/12 13:00:00
ES51,Heating Tertiary,2010,6831,3.2747101110126805e-05,2010/10/12 14:00:00
ES51,Heating Tertiary,2010,6832,3.161040107159267e-05,2010/10/12 15:00:00
ES51,Heating Tertiary,2010,6833,3.110410105442909e-05,2010/10/12 16:00:00
ES51,Heating Tertiary,2010,6834,3.086050104617105e-05,2010/10/12 17:00:00
ES51,Heating Tertiary,2010,6835,3.0470201032939883e-05,2010/10/12 18:00:00
ES51,Heating Tertiary,2010,6836,3.033570102838033e-05,2010/10/12 19:00:00
ES51,Heating Tertiary,2010,6837,3.0879601046818544e-05,2010/10/12 20:00:00
ES51,Heating Tertiary,2010,6838,3.283820111321509e-05,2010/10/12 21:00:00
ES51,Heating Tertiary,2010,6839,3.686350124967278e-05,2010/10/12 22:00:00
ES51,Heating Tertiary,2010,6840,4.286990145328976e-05,2010/10/12 23:00:00
ES51,Heating Tertiary,2010,6841,4.856980164651639e-05,2010/10/13 00:00:00
ES51,Heating Tertiary,2010,6842,5.501640186505614e-05,2010/10/13 01:00:00
ES51,Heating Tertiary,2010,6843,5.994950203228826e-05,2010/10/13 02:00:00
ES51,Heating Tertiary,2010,6844,6.291620213285939e-05,2010/10/13 03:00:00
ES51,Heating Tertiary,2010,6845,6.44542021849976e-05,2010/10/13 04:00:00
ES51,Heating Tertiary,2010,6846,6.502510220435111e-05,2010/10/13 05:00:00
ES51,Heating Tertiary,2010,6847,6.382250216358296e-05,2010/10/13 06:00:00
ES51,Heating Tertiary,2010,6848,6.0037202035261284e-05,2010/10/13 07:00:00
ES51,Heating Tertiary,2010,6849,5.410660183421392e-05,2010/10/13 08:00:00
ES51,Heating Tertiary,2010,6850,4.733150160453801e-05,2010/10/13 09:00:00
ES51,Heating Tertiary,2010,6851,4.125230139845311e-05,2010/10/13 10:00:00
ES51,Heating Tertiary,2010,6852,3.655700123928243e-05,2010/10/13 11:00:00
ES51,Heating Tertiary,2010,6853,3.3296201128741294e-05,2010/10/13 12:00:00
ES51,Heating Tertiary,2010,6854,3.0857801046079525e-05,2010/10/13 13:00:00
ES51,Heating Tertiary,2010,6855,2.9221600990612338e-05,2010/10/13 14:00:00
ES51,Heating Tertiary,2010,6856,2.849620096602128e-05,2010/10/13 15:00:00
ES51,Heating Tertiary,2010,6857,2.8535700967360325e-05,2010/10/13 16:00:00
ES51,Heating Tertiary,2010,6858,2.8826600977221836e-05,2010/10/13 17:00:00
ES51,Heating Tertiary,2010,6859,2.8924200980530476e-05,2010/10/13 18:00:00
ES51,Heating Tertiary,2010,6860,2.908380098594092e-05,2010/10/13 19:00:00
ES51,Heating Tertiary,2010,6861,2.979640101009806e-05,2010/10/13 20:00:00
ES51,Heating Tertiary,2010,6862,3.186140108010157e-05,2010/10/13 21:00:00
ES51,Heating Tertiary,2010,6863,3.586290121575243e-05,2010/10/13 22:00:00
ES51,Heating Tertiary,2010,6864,4.172450141446069e-05,2010/10/13 23:00:00
ES51,Heating Tertiary,2010,6865,4.856980164651639e-05,2010/10/14 00:00:00
ES51,Heating Tertiary,2010,6866,5.501640186505614e-05,2010/10/14 01:00:00
ES51,Heating Tertiary,2010,6867,5.994950203228826e-05,2010/10/14 02:00:00
ES51,Heating Tertiary,2010,6868,6.291620213285939e-05,2010/10/14 03:00:00
ES51,Heating Tertiary,2010,6869,6.44542021849976e-05,2010/10/14 04:00:00
ES51,Heating Tertiary,2010,6870,6.502510220435111e-05,2010/10/14 05:00:00
ES51,Heating Tertiary,2010,6871,6.382250216358296e-05,2010/10/14 06:00:00
ES51,Heating Tertiary,2010,6872,6.0037202035261284e-05,2010/10/14 07:00:00
ES51,Heating Tertiary,2010,6873,5.410660183421392e-05,2010/10/14 08:00:00
ES51,Heating Tertiary,2010,6874,4.733150160453801e-05,2010/10/14 09:00:00
ES51,Heating Tertiary,2010,6875,4.125230139845311e-05,2010/10/14 10:00:00
ES51,Heating Tertiary,2010,6876,3.655700123928243e-05,2010/10/14 11:00:00
ES51,Heating Tertiary,2010,6877,3.3296201128741294e-05,2010/10/14 12:00:00
ES51,Heating Tertiary,2010,6878,3.0857801046079525e-05,2010/10/14 13:00:00
ES51,Heating Tertiary,2010,6879,2.9221600990612338e-05,2010/10/14 14:00:00
ES51,Heating Tertiary,2010,6880,2.849620096602128e-05,2010/10/14 15:00:00
ES51,Heating Tertiary,2010,6881,2.8535700967360325e-05,2010/10/14 16:00:00
ES51,Heating Tertiary,2010,6882,2.8826600977221836e-05,2010/10/14 17:00:00
ES51,Heating Tertiary,2010,6883,2.8924200980530476e-05,2010/10/14 18:00:00
ES51,Heating Tertiary,2010,6884,2.908380098594092e-05,2010/10/14 19:00:00
ES51,Heating Tertiary,2010,6885,2.979640101009806e-05,2010/10/14 20:00:00
ES51,Heating Tertiary,2010,6886,3.186140108010157e-05,2010/10/14 21:00:00
ES51,Heating Tertiary,2010,6887,3.586290121575243e-05,2010/10/14 22:00:00
ES51,Heating Tertiary,2010,6888,4.172450141446069e-05,2010/10/14 23:00:00
ES51,Heating Tertiary,2010,6889,7.659080259642839e-05,2010/10/15 00:00:00
ES51,Heating Tertiary,2010,6890,8.675670294105242e-05,2010/10/15 01:00:00
ES51,Heating Tertiary,2010,6891,9.453580320476393e-05,2010/10/15 02:00:00
ES51,Heating Tertiary,2010,6892,9.921400336335494e-05,2010/10/15 03:00:00
ES51,Heating Tertiary,2010,6893,0.00010163900344556245,2010/10/15 04:00:00
ES51,Heating Tertiary,2010,6894,0.00010253900347607245,2010/10/15 05:00:00
ES51,Heating Tertiary,2010,6895,0.00010064300341179804,2010/10/15 06:00:00
ES51,Heating Tertiary,2010,6896,9.46741032094523e-05,2010/10/15 07:00:00
ES51,Heating Tertiary,2010,6897,8.53219028924127e-05,2010/10/15 08:00:00
ES51,Heating Tertiary,2010,6898,7.463810253023184e-05,2010/10/15 09:00:00
ES51,Heating Tertiary,2010,6899,6.505170220525285e-05,2010/10/15 10:00:00
ES51,Heating Tertiary,2010,6900,5.764760195425383e-05,2010/10/15 11:00:00
ES51,Heating Tertiary,2010,6901,5.2505501779936625e-05,2010/10/15 12:00:00
ES51,Heating Tertiary,2010,6902,4.866030164958434e-05,2010/10/15 13:00:00
ES51,Heating Tertiary,2010,6903,4.608020156211894e-05,2010/10/15 14:00:00
ES51,Heating Tertiary,2010,6904,4.493640152334411e-05,2010/10/15 15:00:00
ES51,Heating Tertiary,2010,6905,4.49986015254527e-05,2010/10/15 16:00:00
ES51,Heating Tertiary,2010,6906,4.545730154100262e-05,2010/10/15 17:00:00
ES51,Heating Tertiary,2010,6907,4.561130154622323e-05,2010/10/15 18:00:00
ES51,Heating Tertiary,2010,6908,4.586290155475247e-05,2010/10/15 19:00:00
ES51,Heating Tertiary,2010,6909,4.69866015928459e-05,2010/10/15 20:00:00
ES51,Heating Tertiary,2010,6910,5.024300170323787e-05,2010/10/15 21:00:00
ES51,Heating Tertiary,2010,6911,5.655310191715028e-05,2010/10/15 22:00:00
ES51,Heating Tertiary,2010,6912,6.57963022304948e-05,2010/10/15 23:00:00
ES51,Heating Tertiary,2010,6913,0.0001253030042477721,2010/10/16 00:00:00
ES51,Heating Tertiary,2010,6914,0.00014267900483681858,2010/10/16 01:00:00
ES51,Heating Tertiary,2010,6915,0.00015537700526728083,2010/10/16 02:00:00
ES51,Heating Tertiary,2010,6916,0.00016265500551400504,2010/10/16 03:00:00
ES51,Heating Tertiary,2010,6917,0.00016705600566319892,2010/10/16 04:00:00
ES51,Heating Tertiary,2010,6918,0.00016936200574137238,2010/10/16 05:00:00
ES51,Heating Tertiary,2010,6919,0.00016695500565977507,2010/10/16 06:00:00
ES51,Heating Tertiary,2010,6920,0.00015791600535335293,2010/10/16 07:00:00
ES51,Heating Tertiary,2010,6921,0.0001433060048580739,2010/10/16 08:00:00
ES51,Heating Tertiary,2010,6922,0.00012610200427485822,2010/10/16 09:00:00
ES51,Heating Tertiary,2010,6923,0.00010957700371466067,2010/10/16 10:00:00
ES51,Heating Tertiary,2010,6924,9.63442032660687e-05,2010/10/16 11:00:00
ES51,Heating Tertiary,2010,6925,8.688240294531366e-05,2010/10/16 12:00:00
ES51,Heating Tertiary,2010,6926,7.993780270989168e-05,2010/10/16 13:00:00
ES51,Heating Tertiary,2010,6927,7.504550254404271e-05,2010/10/16 14:00:00
ES51,Heating Tertiary,2010,6928,7.289290247106956e-05,2010/10/16 15:00:00
ES51,Heating Tertiary,2010,6929,7.317120248050393e-05,2010/10/16 16:00:00
ES51,Heating Tertiary,2010,6930,7.41515025137361e-05,2010/10/16 17:00:00
ES51,Heating Tertiary,2010,6931,7.446110252423154e-05,2010/10/16 18:00:00
ES51,Heating Tertiary,2010,6932,7.439580252201787e-05,2010/10/16 19:00:00
ES51,Heating Tertiary,2010,6933,7.53386025539788e-05,2010/10/16 20:00:00
ES51,Heating Tertiary,2010,6934,7.97687027041592e-05,2010/10/16 21:00:00
ES51,Heating Tertiary,2010,6935,9.00601030530377e-05,2010/10/16 22:00:00
ES51,Heating Tertiary,2010,6936,0.00010607000359577336,2010/10/16 23:00:00
ES51,Heating Tertiary,2010,6937,0.00014619800495611264,2010/10/17 00:00:00
ES51,Heating Tertiary,2010,6938,0.0001684180057093708,2010/10/17 01:00:00
ES51,Heating Tertiary,2010,6939,0.00018635800631753685,2010/10/17 02:00:00
ES51,Heating Tertiary,2010,6940,0.00019740700669209797,2010/10/17 03:00:00
ES51,Heating Tertiary,2010,6941,0.00020243200686244548,2010/10/17 04:00:00
ES51,Heating Tertiary,2010,6942,0.0002041560069208891,2010/10/17 05:00:00
ES51,Heating Tertiary,2010,6943,0.00020048400679640828,2010/10/17 06:00:00
ES51,Heating Tertiary,2010,6944,0.00018969800643076285,2010/10/17 07:00:00
ES51,Heating Tertiary,2010,6945,0.00017259600585100497,2010/10/17 08:00:00
ES51,Heating Tertiary,2010,6946,0.0001524160051669029,2010/10/17 09:00:00
ES51,Heating Tertiary,2010,6947,0.00013348800452524364,2010/10/17 10:00:00
ES51,Heating Tertiary,2010,6948,0.0001189010040307443,2010/10/17 11:00:00
ES51,Heating Tertiary,2010,6949,0.00010883200368940516,2010/10/17 12:00:00
ES51,Heating Tertiary,2010,6950,0.00010107000342627334,2010/10/17 13:00:00
ES51,Heating Tertiary,2010,6951,9.509260322363947e-05,2010/10/17 14:00:00
ES51,Heating Tertiary,2010,6952,9.179160311173555e-05,2010/10/17 15:00:00
ES51,Heating Tertiary,2010,6953,9.032170306190594e-05,2010/10/17 16:00:00
ES51,Heating Tertiary,2010,6954,8.961420303792168e-05,2010/10/17 17:00:00
ES51,Heating Tertiary,2010,6955,8.848080299949942e-05,2010/10/17 18:00:00
ES51,Heating Tertiary,2010,6956,8.809030298626147e-05,2010/10/17 19:00:00
ES51,Heating Tertiary,2010,6957,8.96699030398099e-05,2010/10/17 20:00:00
ES51,Heating Tertiary,2010,6958,9.535690323259923e-05,2010/10/17 21:00:00
ES51,Heating Tertiary,2010,6959,0.00010704600362885978,2010/10/17 22:00:00
ES51,Heating Tertiary,2010,6960,0.00012448800422014362,2010/10/17 23:00:00
ES51,Heating Tertiary,2010,6961,0.00014103900478122257,2010/10/18 00:00:00
ES51,Heating Tertiary,2010,6962,0.00015975900541583064,2010/10/18 01:00:00
ES51,Heating Tertiary,2010,6963,0.0001740840059014482,2010/10/18 02:00:00
ES51,Heating Tertiary,2010,6964,0.00018269900619349673,2010/10/18 03:00:00
ES51,Heating Tertiary,2010,6965,0.00018716500634489413,2010/10/18 04:00:00
ES51,Heating Tertiary,2010,6966,0.00018882300640110034,2010/10/18 05:00:00
ES51,Heating Tertiary,2010,6967,0.00018533000628268763,2010/10/18 06:00:00
ES51,Heating Tertiary,2010,6968,0.00017433900591009273,2010/10/18 07:00:00
ES51,Heating Tertiary,2010,6969,0.00015711700532626687,2010/10/18 08:00:00
ES51,Heating Tertiary,2010,6970,0.00013744300465931816,2010/10/18 09:00:00
ES51,Heating Tertiary,2010,6971,0.0001197910040609153,2010/10/18 10:00:00
ES51,Heating Tertiary,2010,6972,0.00010615600359868876,2010/10/18 11:00:00
ES51,Heating Tertiary,2010,6973,9.668700327768962e-05,2010/10/18 12:00:00
ES51,Heating Tertiary,2010,6974,8.96061030376471e-05,2010/10/18 13:00:00
ES51,Heating Tertiary,2010,6975,8.485520287659157e-05,2010/10/18 14:00:00
ES51,Heating Tertiary,2010,6976,8.274870280518121e-05,2010/10/18 15:00:00
ES51,Heating Tertiary,2010,6977,8.286330280906615e-05,2010/10/18 16:00:00
ES51,Heating Tertiary,2010,6978,8.370800283770149e-05,2010/10/18 17:00:00
ES51,Heating Tertiary,2010,6979,8.399160284731553e-05,2010/10/18 18:00:00
ES51,Heating Tertiary,2010,6980,8.44549028630214e-05,2010/10/18 19:00:00
ES51,Heating Tertiary,2010,6981,8.65241029331673e-05,2010/10/18 20:00:00
ES51,Heating Tertiary,2010,6982,9.252060313644865e-05,2010/10/18 21:00:00
ES51,Heating Tertiary,2010,6983,0.00010414000353034636,2010/10/18 22:00:00
ES51,Heating Tertiary,2010,6984,0.00012116200410739222,2010/10/18 23:00:00
ES51,Heating Tertiary,2010,6985,0.00016298900552532767,2010/10/19 00:00:00
ES51,Heating Tertiary,2010,6986,0.00018462200625868645,2010/10/19 01:00:00
ES51,Heating Tertiary,2010,6987,0.00020117700681990098,2010/10/19 02:00:00
ES51,Heating Tertiary,2010,6988,0.00021113200715737552,2010/10/19 03:00:00
ES51,Heating Tertiary,2010,6989,0.00021629300733233344,2010/10/19 04:00:00
ES51,Heating Tertiary,2010,6990,0.00021820900739728585,2010/10/19 05:00:00
ES51,Heating Tertiary,2010,6991,0.00021417300726046543,2010/10/19 06:00:00
ES51,Heating Tertiary,2010,6992,0.0002014710068298676,2010/10/19 07:00:00
ES51,Heating Tertiary,2010,6993,0.00018156900615518972,2010/10/19 08:00:00
ES51,Heating Tertiary,2010,6994,0.00015883300538443925,2010/10/19 09:00:00
ES51,Heating Tertiary,2010,6995,0.00013843400469291307,2010/10/19 10:00:00
ES51,Heating Tertiary,2010,6996,0.00012267700415875073,2010/10/19 11:00:00
ES51,Heating Tertiary,2010,6997,0.00011173500378781688,2010/10/19 12:00:00
ES51,Heating Tertiary,2010,6998,0.00010355100351037926,2010/10/19 13:00:00
ES51,Heating Tertiary,2010,6999,9.806110332427162e-05,2010/10/19 14:00:00
ES51,Heating Tertiary,2010,7000,9.562670324174546e-05,2010/10/19 15:00:00
ES51,Heating Tertiary,2010,7001,9.57593032462406e-05,2010/10/19 16:00:00
ES51,Heating Tertiary,2010,7002,9.673540327933038e-05,2010/10/19 17:00:00
ES51,Heating Tertiary,2010,7003,9.706310329043942e-05,2010/10/19 18:00:00
ES51,Heating Tertiary,2010,7004,9.759860330859287e-05,2010/10/19 19:00:00
ES51,Heating Tertiary,2010,7005,9.998990338965796e-05,2010/10/19 20:00:00
ES51,Heating Tertiary,2010,7006,0.00010692000362458837,2010/10/19 21:00:00
ES51,Heating Tertiary,2010,7007,0.00012034800407979761,2010/10/19 22:00:00
ES51,Heating Tertiary,2010,7008,0.00014001700474657676,2010/10/19 23:00:00
ES51,Heating Tertiary,2010,7009,0.00016298900552532767,2010/10/20 00:00:00
ES51,Heating Tertiary,2010,7010,0.00018462200625868645,2010/10/20 01:00:00
ES51,Heating Tertiary,2010,7011,0.00020117700681990098,2010/10/20 02:00:00
ES51,Heating Tertiary,2010,7012,0.00021113200715737552,2010/10/20 03:00:00
ES51,Heating Tertiary,2010,7013,0.00021629300733233344,2010/10/20 04:00:00
ES51,Heating Tertiary,2010,7014,0.00021820900739728585,2010/10/20 05:00:00
ES51,Heating Tertiary,2010,7015,0.00021417300726046543,2010/10/20 06:00:00
ES51,Heating Tertiary,2010,7016,0.0002014710068298676,2010/10/20 07:00:00
ES51,Heating Tertiary,2010,7017,0.00018156900615518972,2010/10/20 08:00:00
ES51,Heating Tertiary,2010,7018,0.00015883300538443925,2010/10/20 09:00:00
ES51,Heating Tertiary,2010,7019,0.00013843400469291307,2010/10/20 10:00:00
ES51,Heating Tertiary,2010,7020,0.00012267700415875073,2010/10/20 11:00:00
ES51,Heating Tertiary,2010,7021,0.00011173500378781688,2010/10/20 12:00:00
ES51,Heating Tertiary,2010,7022,0.00010355100351037926,2010/10/20 13:00:00
ES51,Heating Tertiary,2010,7023,9.806110332427162e-05,2010/10/20 14:00:00
ES51,Heating Tertiary,2010,7024,9.562670324174546e-05,2010/10/20 15:00:00
ES51,Heating Tertiary,2010,7025,9.57593032462406e-05,2010/10/20 16:00:00
ES51,Heating Tertiary,2010,7026,9.673540327933038e-05,2010/10/20 17:00:00
ES51,Heating Tertiary,2010,7027,9.706310329043942e-05,2010/10/20 18:00:00
ES51,Heating Tertiary,2010,7028,9.759860330859287e-05,2010/10/20 19:00:00
ES51,Heating Tertiary,2010,7029,9.998990338965796e-05,2010/10/20 20:00:00
ES51,Heating Tertiary,2010,7030,0.00010692000362458837,2010/10/20 21:00:00
ES51,Heating Tertiary,2010,7031,0.00012034800407979761,2010/10/20 22:00:00
ES51,Heating Tertiary,2010,7032,0.00014001700474657676,2010/10/20 23:00:00
ES51,Heating Tertiary,2010,7033,0.00014103900478122257,2010/10/21 00:00:00
ES51,Heating Tertiary,2010,7034,0.00015975900541583064,2010/10/21 01:00:00
ES51,Heating Tertiary,2010,7035,0.0001740840059014482,2010/10/21 02:00:00
ES51,Heating Tertiary,2010,7036,0.00018269900619349673,2010/10/21 03:00:00
ES51,Heating Tertiary,2010,7037,0.00018716500634489413,2010/10/21 04:00:00
ES51,Heating Tertiary,2010,7038,0.00018882300640110034,2010/10/21 05:00:00
ES51,Heating Tertiary,2010,7039,0.00018533000628268763,2010/10/21 06:00:00
ES51,Heating Tertiary,2010,7040,0.00017433900591009273,2010/10/21 07:00:00
ES51,Heating Tertiary,2010,7041,0.00015711700532626687,2010/10/21 08:00:00
ES51,Heating Tertiary,2010,7042,0.00013744300465931816,2010/10/21 09:00:00
ES51,Heating Tertiary,2010,7043,0.0001197910040609153,2010/10/21 10:00:00
ES51,Heating Tertiary,2010,7044,0.00010615600359868876,2010/10/21 11:00:00
ES51,Heating Tertiary,2010,7045,9.668700327768962e-05,2010/10/21 12:00:00
ES51,Heating Tertiary,2010,7046,8.96061030376471e-05,2010/10/21 13:00:00
ES51,Heating Tertiary,2010,7047,8.485520287659157e-05,2010/10/21 14:00:00
ES51,Heating Tertiary,2010,7048,8.274870280518121e-05,2010/10/21 15:00:00
ES51,Heating Tertiary,2010,7049,8.286330280906615e-05,2010/10/21 16:00:00
ES51,Heating Tertiary,2010,7050,8.370800283770149e-05,2010/10/21 17:00:00
ES51,Heating Tertiary,2010,7051,8.399160284731553e-05,2010/10/21 18:00:00
ES51,Heating Tertiary,2010,7052,8.44549028630214e-05,2010/10/21 19:00:00
ES51,Heating Tertiary,2010,7053,8.65241029331673e-05,2010/10/21 20:00:00
ES51,Heating Tertiary,2010,7054,9.252060313644865e-05,2010/10/21 21:00:00
ES51,Heating Tertiary,2010,7055,0.00010414000353034636,2010/10/21 22:00:00
ES51,Heating Tertiary,2010,7056,0.00012116200410739222,2010/10/21 23:00:00
ES51,Heating Tertiary,2010,7057,0.0001195560040529488,2010/10/22 00:00:00
ES51,Heating Tertiary,2010,7058,0.00013542600459094187,2010/10/22 01:00:00
ES51,Heating Tertiary,2010,7059,0.00014756800500255566,2010/10/22 02:00:00
ES51,Heating Tertiary,2010,7060,0.00015487000525009353,2010/10/22 03:00:00
ES51,Heating Tertiary,2010,7061,0.00015865600537843895,2010/10/22 04:00:00
ES51,Heating Tertiary,2010,7062,0.00016006200542610234,2010/10/22 05:00:00
ES51,Heating Tertiary,2010,7063,0.00015710200532575834,2010/10/22 06:00:00
ES51,Heating Tertiary,2010,7064,0.0001477840050098781,2010/10/22 07:00:00
ES51,Heating Tertiary,2010,7065,0.00013318600451500586,2010/10/22 08:00:00
ES51,Heating Tertiary,2010,7066,0.0001165090039496555,2010/10/22 09:00:00
ES51,Heating Tertiary,2010,7067,0.00010154400344234194,2010/10/22 10:00:00
ES51,Heating Tertiary,2010,7068,8.998650305054266e-05,2010/10/22 11:00:00
ES51,Heating Tertiary,2010,7069,8.19598027784375e-05,2010/10/22 12:00:00
ES51,Heating Tertiary,2010,7070,7.59575025749595e-05,2010/10/22 13:00:00
ES51,Heating Tertiary,2010,7071,7.193020243843403e-05,2010/10/22 14:00:00
ES51,Heating Tertiary,2010,7072,7.014460237790218e-05,2010/10/22 15:00:00
ES51,Heating Tertiary,2010,7073,7.024170238119386e-05,2010/10/22 16:00:00
ES51,Heating Tertiary,2010,7074,7.095780240546967e-05,2010/10/22 17:00:00
ES51,Heating Tertiary,2010,7075,7.119820241361922e-05,2010/10/22 18:00:00
ES51,Heating Tertiary,2010,7076,7.159090242693176e-05,2010/10/22 19:00:00
ES51,Heating Tertiary,2010,7077,7.334500248639574e-05,2010/10/22 20:00:00
ES51,Heating Tertiary,2010,7078,7.842810265871286e-05,2010/10/22 21:00:00
ES51,Heating Tertiary,2010,7079,8.827810299262788e-05,2010/10/22 22:00:00
ES51,Heating Tertiary,2010,7080,0.00010270600348173376,2010/10/22 23:00:00
ES51,Heating Tertiary,2010,7081,0.00010229800346790255,2010/10/23 00:00:00
ES51,Heating Tertiary,2010,7082,0.00011648400394880799,2010/10/23 01:00:00
ES51,Heating Tertiary,2010,7083,0.00012685100430024932,2010/10/23 02:00:00
ES51,Heating Tertiary,2010,7084,0.00013279200450164926,2010/10/23 03:00:00
ES51,Heating Tertiary,2010,7085,0.00013638600462348587,2010/10/23 04:00:00
ES51,Heating Tertiary,2010,7086,0.00013826800468728567,2010/10/23 05:00:00
ES51,Heating Tertiary,2010,7087,0.00013630300462067217,2010/10/23 06:00:00
ES51,Heating Tertiary,2010,7088,0.00012892300437049013,2010/10/23 07:00:00
ES51,Heating Tertiary,2010,7089,0.00011699600396616479,2010/10/23 08:00:00
ES51,Heating Tertiary,2010,7090,0.00010295100349003924,2010/10/23 09:00:00
ES51,Heating Tertiary,2010,7091,8.945940303267396e-05,2010/10/23 10:00:00
ES51,Heating Tertiary,2010,7092,7.865590266643528e-05,2010/10/23 11:00:00
ES51,Heating Tertiary,2010,7093,7.09313024045713e-05,2010/10/23 12:00:00
ES51,Heating Tertiary,2010,7094,6.526160221236846e-05,2010/10/23 13:00:00
ES51,Heating Tertiary,2010,7095,6.126760207697185e-05,2010/10/23 14:00:00
ES51,Heating Tertiary,2010,7096,5.951020201739598e-05,2010/10/23 15:00:00
ES51,Heating Tertiary,2010,7097,5.973740202509806e-05,2010/10/23 16:00:00
ES51,Heating Tertiary,2010,7098,6.0537702052228235e-05,2010/10/23 17:00:00
ES51,Heating Tertiary,2010,7099,6.079050206079816e-05,2010/10/23 18:00:00
ES51,Heating Tertiary,2010,7100,6.073720205899129e-05,2010/10/23 19:00:00
ES51,Heating Tertiary,2010,7101,6.150690208508413e-05,2010/10/23 20:00:00
ES51,Heating Tertiary,2010,7102,6.512370220769365e-05,2010/10/23 21:00:00
ES51,Heating Tertiary,2010,7103,7.352560249251809e-05,2010/10/23 22:00:00
ES51,Heating Tertiary,2010,7104,8.659670293562843e-05,2010/10/23 23:00:00
ES51,Heating Tertiary,2010,7105,7.939220269139585e-05,2010/10/24 00:00:00
ES51,Heating Tertiary,2010,7106,9.145860310044685e-05,2010/10/24 01:00:00
ES51,Heating Tertiary,2010,7107,0.00010120100343071423,2010/10/24 02:00:00
ES51,Heating Tertiary,2010,7108,0.00010720100363411426,2010/10/24 03:00:00
ES51,Heating Tertiary,2010,7109,0.00010993000372662738,2010/10/24 04:00:00
ES51,Heating Tertiary,2010,7110,0.00011086600375835778,2010/10/24 05:00:00
ES51,Heating Tertiary,2010,7111,0.00010887200369076117,2010/10/24 06:00:00
ES51,Heating Tertiary,2010,7112,0.00010301500349220886,2010/10/24 07:00:00
ES51,Heating Tertiary,2010,7113,9.372770317736935e-05,2010/10/24 08:00:00
ES51,Heating Tertiary,2010,7114,8.276930280587955e-05,2010/10/24 09:00:00
ES51,Heating Tertiary,2010,7115,7.249010245741463e-05,2010/10/24 10:00:00
ES51,Heating Tertiary,2010,7116,6.456910218889272e-05,2010/10/24 11:00:00
ES51,Heating Tertiary,2010,7117,5.910080200351732e-05,2010/10/24 12:00:00
ES51,Heating Tertiary,2010,7118,5.488600186063559e-05,2010/10/24 13:00:00
ES51,Heating Tertiary,2010,7119,5.1639701750586004e-05,2010/10/24 14:00:00
ES51,Heating Tertiary,2010,7120,4.984710168981686e-05,2010/10/24 15:00:00
ES51,Heating Tertiary,2010,7121,4.904890166275788e-05,2010/10/24 16:00:00
ES51,Heating Tertiary,2010,7122,4.86647016497335e-05,2010/10/24 17:00:00
ES51,Heating Tertiary,2010,7123,4.804920162886804e-05,2010/10/24 18:00:00
ES51,Heating Tertiary,2010,7124,4.783710162167785e-05,2010/10/24 19:00:00
ES51,Heating Tertiary,2010,7125,4.869490165075727e-05,2010/10/24 20:00:00
ES51,Heating Tertiary,2010,7126,5.178320175545066e-05,2010/10/24 21:00:00
ES51,Heating Tertiary,2010,7127,5.81310019706411e-05,2010/10/24 22:00:00
ES51,Heating Tertiary,2010,7128,6.760260229172837e-05,2010/10/24 23:00:00
ES51,Heating Tertiary,2010,7129,7.659080259642839e-05,2010/10/25 00:00:00
ES51,Heating Tertiary,2010,7130,8.675670294105242e-05,2010/10/25 01:00:00
ES51,Heating Tertiary,2010,7131,9.453580320476393e-05,2010/10/25 02:00:00
ES51,Heating Tertiary,2010,7132,9.921400336335494e-05,2010/10/25 03:00:00
ES51,Heating Tertiary,2010,7133,0.00010163900344556245,2010/10/25 04:00:00
ES51,Heating Tertiary,2010,7134,0.00010253900347607245,2010/10/25 05:00:00
ES51,Heating Tertiary,2010,7135,0.00010064300341179804,2010/10/25 06:00:00
ES51,Heating Tertiary,2010,7136,9.46741032094523e-05,2010/10/25 07:00:00
ES51,Heating Tertiary,2010,7137,8.53219028924127e-05,2010/10/25 08:00:00
ES51,Heating Tertiary,2010,7138,7.463810253023184e-05,2010/10/25 09:00:00
ES51,Heating Tertiary,2010,7139,6.505170220525285e-05,2010/10/25 10:00:00
ES51,Heating Tertiary,2010,7140,5.764760195425383e-05,2010/10/25 11:00:00
ES51,Heating Tertiary,2010,7141,5.2505501779936625e-05,2010/10/25 12:00:00
ES51,Heating Tertiary,2010,7142,4.866030164958434e-05,2010/10/25 13:00:00
ES51,Heating Tertiary,2010,7143,4.608020156211894e-05,2010/10/25 14:00:00
ES51,Heating Tertiary,2010,7144,4.493640152334411e-05,2010/10/25 15:00:00
ES51,Heating Tertiary,2010,7145,4.49986015254527e-05,2010/10/25 16:00:00
ES51,Heating Tertiary,2010,7146,4.545730154100262e-05,2010/10/25 17:00:00
ES51,Heating Tertiary,2010,7147,4.561130154622323e-05,2010/10/25 18:00:00
ES51,Heating Tertiary,2010,7148,4.586290155475247e-05,2010/10/25 19:00:00
ES51,Heating Tertiary,2010,7149,4.69866015928459e-05,2010/10/25 20:00:00
ES51,Heating Tertiary,2010,7150,5.024300170323787e-05,2010/10/25 21:00:00
ES51,Heating Tertiary,2010,7151,5.655310191715028e-05,2010/10/25 22:00:00
ES51,Heating Tertiary,2010,7152,6.57963022304948e-05,2010/10/25 23:00:00
ES51,Heating Tertiary,2010,7153,0.00016298900552532767,2010/10/26 00:00:00
ES51,Heating Tertiary,2010,7154,0.00018462200625868645,2010/10/26 01:00:00
ES51,Heating Tertiary,2010,7155,0.00020117700681990098,2010/10/26 02:00:00
ES51,Heating Tertiary,2010,7156,0.00021113200715737552,2010/10/26 03:00:00
ES51,Heating Tertiary,2010,7157,0.00021629300733233344,2010/10/26 04:00:00
ES51,Heating Tertiary,2010,7158,0.00021820900739728585,2010/10/26 05:00:00
ES51,Heating Tertiary,2010,7159,0.00021417300726046543,2010/10/26 06:00:00
ES51,Heating Tertiary,2010,7160,0.0002014710068298676,2010/10/26 07:00:00
ES51,Heating Tertiary,2010,7161,0.00018156900615518972,2010/10/26 08:00:00
ES51,Heating Tertiary,2010,7162,0.00015883300538443925,2010/10/26 09:00:00
ES51,Heating Tertiary,2010,7163,0.00013843400469291307,2010/10/26 10:00:00
ES51,Heating Tertiary,2010,7164,0.00012267700415875073,2010/10/26 11:00:00
ES51,Heating Tertiary,2010,7165,0.00011173500378781688,2010/10/26 12:00:00
ES51,Heating Tertiary,2010,7166,0.00010355100351037926,2010/10/26 13:00:00
ES51,Heating Tertiary,2010,7167,9.806110332427162e-05,2010/10/26 14:00:00
ES51,Heating Tertiary,2010,7168,9.562670324174546e-05,2010/10/26 15:00:00
ES51,Heating Tertiary,2010,7169,9.57593032462406e-05,2010/10/26 16:00:00
ES51,Heating Tertiary,2010,7170,9.673540327933038e-05,2010/10/26 17:00:00
ES51,Heating Tertiary,2010,7171,9.706310329043942e-05,2010/10/26 18:00:00
ES51,Heating Tertiary,2010,7172,9.759860330859287e-05,2010/10/26 19:00:00
ES51,Heating Tertiary,2010,7173,9.998990338965796e-05,2010/10/26 20:00:00
ES51,Heating Tertiary,2010,7174,0.00010692000362458837,2010/10/26 21:00:00
ES51,Heating Tertiary,2010,7175,0.00012034800407979761,2010/10/26 22:00:00
ES51,Heating Tertiary,2010,7176,0.00014001700474657676,2010/10/26 23:00:00
ES51,Heating Tertiary,2010,7177,0.0001195560040529488,2010/10/27 00:00:00
ES51,Heating Tertiary,2010,7178,0.00013542600459094187,2010/10/27 01:00:00
ES51,Heating Tertiary,2010,7179,0.00014756800500255566,2010/10/27 02:00:00
ES51,Heating Tertiary,2010,7180,0.00015487000525009353,2010/10/27 03:00:00
ES51,Heating Tertiary,2010,7181,0.00015865600537843895,2010/10/27 04:00:00
ES51,Heating Tertiary,2010,7182,0.00016006200542610234,2010/10/27 05:00:00
ES51,Heating Tertiary,2010,7183,0.00015710200532575834,2010/10/27 06:00:00
ES51,Heating Tertiary,2010,7184,0.0001477840050098781,2010/10/27 07:00:00
ES51,Heating Tertiary,2010,7185,0.00013318600451500586,2010/10/27 08:00:00
ES51,Heating Tertiary,2010,7186,0.0001165090039496555,2010/10/27 09:00:00
ES51,Heating Tertiary,2010,7187,0.00010154400344234194,2010/10/27 10:00:00
ES51,Heating Tertiary,2010,7188,8.998650305054266e-05,2010/10/27 11:00:00
ES51,Heating Tertiary,2010,7189,8.19598027784375e-05,2010/10/27 12:00:00
ES51,Heating Tertiary,2010,7190,7.59575025749595e-05,2010/10/27 13:00:00
ES51,Heating Tertiary,2010,7191,7.193020243843403e-05,2010/10/27 14:00:00
ES51,Heating Tertiary,2010,7192,7.014460237790218e-05,2010/10/27 15:00:00
ES51,Heating Tertiary,2010,7193,7.024170238119386e-05,2010/10/27 16:00:00
ES51,Heating Tertiary,2010,7194,7.095780240546967e-05,2010/10/27 17:00:00
ES51,Heating Tertiary,2010,7195,7.119820241361922e-05,2010/10/27 18:00:00
ES51,Heating Tertiary,2010,7196,7.159090242693176e-05,2010/10/27 19:00:00
ES51,Heating Tertiary,2010,7197,7.334500248639574e-05,2010/10/27 20:00:00
ES51,Heating Tertiary,2010,7198,7.842810265871286e-05,2010/10/27 21:00:00
ES51,Heating Tertiary,2010,7199,8.827810299262788e-05,2010/10/27 22:00:00
ES51,Heating Tertiary,2010,7200,0.00010270600348173376,2010/10/27 23:00:00
ES51,Heating Tertiary,2010,7201,0.00014103900478122257,2010/10/28 00:00:00
ES51,Heating Tertiary,2010,7202,0.00015975900541583064,2010/10/28 01:00:00
ES51,Heating Tertiary,2010,7203,0.0001740840059014482,2010/10/28 02:00:00
ES51,Heating Tertiary,2010,7204,0.00018269900619349673,2010/10/28 03:00:00
ES51,Heating Tertiary,2010,7205,0.00018716500634489413,2010/10/28 04:00:00
ES51,Heating Tertiary,2010,7206,0.00018882300640110034,2010/10/28 05:00:00
ES51,Heating Tertiary,2010,7207,0.00018533000628268763,2010/10/28 06:00:00
ES51,Heating Tertiary,2010,7208,0.00017433900591009273,2010/10/28 07:00:00
ES51,Heating Tertiary,2010,7209,0.00015711700532626687,2010/10/28 08:00:00
ES51,Heating Tertiary,2010,7210,0.00013744300465931816,2010/10/28 09:00:00
ES51,Heating Tertiary,2010,7211,0.0001197910040609153,2010/10/28 10:00:00
ES51,Heating Tertiary,2010,7212,0.00010615600359868876,2010/10/28 11:00:00
ES51,Heating Tertiary,2010,7213,9.668700327768962e-05,2010/10/28 12:00:00
ES51,Heating Tertiary,2010,7214,8.96061030376471e-05,2010/10/28 13:00:00
ES51,Heating Tertiary,2010,7215,8.485520287659157e-05,2010/10/28 14:00:00
ES51,Heating Tertiary,2010,7216,8.274870280518121e-05,2010/10/28 15:00:00
ES51,Heating Tertiary,2010,7217,8.286330280906615e-05,2010/10/28 16:00:00
ES51,Heating Tertiary,2010,7218,8.370800283770149e-05,2010/10/28 17:00:00
ES51,Heating Tertiary,2010,7219,8.399160284731553e-05,2010/10/28 18:00:00
ES51,Heating Tertiary,2010,7220,8.44549028630214e-05,2010/10/28 19:00:00
ES51,Heating Tertiary,2010,7221,8.65241029331673e-05,2010/10/28 20:00:00
ES51,Heating Tertiary,2010,7222,9.252060313644865e-05,2010/10/28 21:00:00
ES51,Heating Tertiary,2010,7223,0.00010414000353034636,2010/10/28 22:00:00
ES51,Heating Tertiary,2010,7224,0.00012116200410739222,2010/10/28 23:00:00
ES51,Heating Tertiary,2010,7225,0.0001195560040529488,2010/10/29 00:00:00
ES51,Heating Tertiary,2010,7226,0.00013542600459094187,2010/10/29 01:00:00
ES51,Heating Tertiary,2010,7227,0.00014756800500255566,2010/10/29 02:00:00
ES51,Heating Tertiary,2010,7228,0.00015487000525009353,2010/10/29 03:00:00
ES51,Heating Tertiary,2010,7229,0.00015865600537843895,2010/10/29 04:00:00
ES51,Heating Tertiary,2010,7230,0.00016006200542610234,2010/10/29 05:00:00
ES51,Heating Tertiary,2010,7231,0.00015710200532575834,2010/10/29 06:00:00
ES51,Heating Tertiary,2010,7232,0.0001477840050098781,2010/10/29 07:00:00
ES51,Heating Tertiary,2010,7233,0.00013318600451500586,2010/10/29 08:00:00
ES51,Heating Tertiary,2010,7234,0.0001165090039496555,2010/10/29 09:00:00
ES51,Heating Tertiary,2010,7235,0.00010154400344234194,2010/10/29 10:00:00
ES51,Heating Tertiary,2010,7236,8.998650305054266e-05,2010/10/29 11:00:00
ES51,Heating Tertiary,2010,7237,8.19598027784375e-05,2010/10/29 12:00:00
ES51,Heating Tertiary,2010,7238,7.59575025749595e-05,2010/10/29 13:00:00
ES51,Heating Tertiary,2010,7239,7.193020243843403e-05,2010/10/29 14:00:00
ES51,Heating Tertiary,2010,7240,7.014460237790218e-05,2010/10/29 15:00:00
ES51,Heating Tertiary,2010,7241,7.024170238119386e-05,2010/10/29 16:00:00
ES51,Heating Tertiary,2010,7242,7.095780240546967e-05,2010/10/29 17:00:00
ES51,Heating Tertiary,2010,7243,7.119820241361922e-05,2010/10/29 18:00:00
ES51,Heating Tertiary,2010,7244,7.159090242693176e-05,2010/10/29 19:00:00
ES51,Heating Tertiary,2010,7245,7.334500248639574e-05,2010/10/29 20:00:00
ES51,Heating Tertiary,2010,7246,7.842810265871286e-05,2010/10/29 21:00:00
ES51,Heating Tertiary,2010,7247,8.827810299262788e-05,2010/10/29 22:00:00
ES51,Heating Tertiary,2010,7248,0.00010270600348173376,2010/10/29 23:00:00
ES51,Heating Tertiary,2010,7249,0.00010229800346790255,2010/10/30 00:00:00
ES51,Heating Tertiary,2010,7250,0.00011648400394880799,2010/10/30 01:00:00
ES51,Heating Tertiary,2010,7251,0.00012685100430024932,2010/10/30 02:00:00
ES51,Heating Tertiary,2010,7252,0.00013279200450164926,2010/10/30 03:00:00
ES51,Heating Tertiary,2010,7253,0.00013638600462348587,2010/10/30 04:00:00
ES51,Heating Tertiary,2010,7254,0.00013826800468728567,2010/10/30 05:00:00
ES51,Heating Tertiary,2010,7255,0.00013630300462067217,2010/10/30 06:00:00
ES51,Heating Tertiary,2010,7256,0.00012892300437049013,2010/10/30 07:00:00
ES51,Heating Tertiary,2010,7257,0.00011699600396616479,2010/10/30 08:00:00
ES51,Heating Tertiary,2010,7258,0.00010295100349003924,2010/10/30 09:00:00
ES51,Heating Tertiary,2010,7259,8.945940303267396e-05,2010/10/30 10:00:00
ES51,Heating Tertiary,2010,7260,7.865590266643528e-05,2010/10/30 11:00:00
ES51,Heating Tertiary,2010,7261,7.09313024045713e-05,2010/10/30 12:00:00
ES51,Heating Tertiary,2010,7262,6.526160221236846e-05,2010/10/30 13:00:00
ES51,Heating Tertiary,2010,7263,6.126760207697185e-05,2010/10/30 14:00:00
ES51,Heating Tertiary,2010,7264,5.951020201739598e-05,2010/10/30 15:00:00
ES51,Heating Tertiary,2010,7265,5.973740202509806e-05,2010/10/30 16:00:00
ES51,Heating Tertiary,2010,7266,6.0537702052228235e-05,2010/10/30 17:00:00
ES51,Heating Tertiary,2010,7267,6.079050206079816e-05,2010/10/30 18:00:00
ES51,Heating Tertiary,2010,7268,6.073720205899129e-05,2010/10/30 19:00:00
ES51,Heating Tertiary,2010,7269,6.150690208508413e-05,2010/10/30 20:00:00
ES51,Heating Tertiary,2010,7270,6.512370220769365e-05,2010/10/30 21:00:00
ES51,Heating Tertiary,2010,7271,7.352560249251809e-05,2010/10/30 22:00:00
ES51,Heating Tertiary,2010,7272,8.659670293562843e-05,2010/10/30 23:00:00
ES51,Heating Tertiary,2010,7273,0.00010117700342990065,2010/10/31 00:00:00
ES51,Heating Tertiary,2010,7274,0.00011655300395114709,2010/10/31 01:00:00
ES51,Heating Tertiary,2010,7275,0.00012897000437208343,2010/10/31 02:00:00
ES51,Heating Tertiary,2010,7276,0.00013661700463131677,2010/10/31 03:00:00
ES51,Heating Tertiary,2010,7277,0.00014009400474918708,2010/10/31 04:00:00
ES51,Heating Tertiary,2010,7278,0.0001412870047896298,2010/10/31 05:00:00
ES51,Heating Tertiary,2010,7279,0.00013874500470345598,2010/10/31 06:00:00
ES51,Heating Tertiary,2010,7280,0.00013128200445046024,2010/10/31 07:00:00
ES51,Heating Tertiary,2010,7281,0.0001194460040492198,2010/10/31 08:00:00
ES51,Heating Tertiary,2010,7282,0.00010548000357577237,2010/10/31 09:00:00
ES51,Heating Tertiary,2010,7283,9.238070313170605e-05,2010/10/31 10:00:00
ES51,Heating Tertiary,2010,7284,8.228630278950585e-05,2010/10/31 11:00:00
ES51,Heating Tertiary,2010,7285,7.53175025532635e-05,2010/10/31 12:00:00
ES51,Heating Tertiary,2010,7286,6.994610237117303e-05,2010/10/31 13:00:00
ES51,Heating Tertiary,2010,7287,6.580910223092871e-05,2010/10/31 14:00:00
ES51,Heating Tertiary,2010,7288,6.352470215348754e-05,2010/10/31 15:00:00
ES51,Heating Tertiary,2010,7289,6.250740211900106e-05,2010/10/31 16:00:00
ES51,Heating Tertiary,2010,7290,6.201770210240024e-05,2010/10/31 17:00:00
ES51,Heating Tertiary,2010,7291,6.123350207581586e-05,2010/10/31 18:00:00
ES51,Heating Tertiary,2010,7292,6.096320206665269e-05,2010/10/31 19:00:00
ES51,Heating Tertiary,2010,7293,6.205620210370538e-05,2010/10/31 20:00:00
ES51,Heating Tertiary,2010,7294,6.59921022371324e-05,2010/10/31 21:00:00
ES51,Heating Tertiary,2010,7295,7.408160251136648e-05,2010/10/31 22:00:00
ES51,Heating Tertiary,2010,7296,8.615220292055987e-05,2010/10/31 23:00:00
ES51,Heating Tertiary,2010,7297,0.00010117700342990065,2010/11/01 00:00:00
ES51,Heating Tertiary,2010,7298,0.00011655300395114709,2010/11/01 01:00:00
ES51,Heating Tertiary,2010,7299,0.00012897000437208343,2010/11/01 02:00:00
ES51,Heating Tertiary,2010,7300,0.00013661700463131677,2010/11/01 03:00:00
ES51,Heating Tertiary,2010,7301,0.00014009400474918708,2010/11/01 04:00:00
ES51,Heating Tertiary,2010,7302,0.0001412870047896298,2010/11/01 05:00:00
ES51,Heating Tertiary,2010,7303,0.00013874500470345598,2010/11/01 06:00:00
ES51,Heating Tertiary,2010,7304,0.00013128200445046024,2010/11/01 07:00:00
ES51,Heating Tertiary,2010,7305,0.0001194460040492198,2010/11/01 08:00:00
ES51,Heating Tertiary,2010,7306,0.00010548000357577237,2010/11/01 09:00:00
ES51,Heating Tertiary,2010,7307,9.238070313170605e-05,2010/11/01 10:00:00
ES51,Heating Tertiary,2010,7308,8.228630278950585e-05,2010/11/01 11:00:00
ES51,Heating Tertiary,2010,7309,7.53175025532635e-05,2010/11/01 12:00:00
ES51,Heating Tertiary,2010,7310,6.994610237117303e-05,2010/11/01 13:00:00
ES51,Heating Tertiary,2010,7311,6.580910223092871e-05,2010/11/01 14:00:00
ES51,Heating Tertiary,2010,7312,6.352470215348754e-05,2010/11/01 15:00:00
ES51,Heating Tertiary,2010,7313,6.250740211900106e-05,2010/11/01 16:00:00
ES51,Heating Tertiary,2010,7314,6.201770210240024e-05,2010/11/01 17:00:00
ES51,Heating Tertiary,2010,7315,6.123350207581586e-05,2010/11/01 18:00:00
ES51,Heating Tertiary,2010,7316,6.096320206665269e-05,2010/11/01 19:00:00
ES51,Heating Tertiary,2010,7317,6.205620210370538e-05,2010/11/01 20:00:00
ES51,Heating Tertiary,2010,7318,6.59921022371324e-05,2010/11/01 21:00:00
ES51,Heating Tertiary,2010,7319,7.408160251136648e-05,2010/11/01 22:00:00
ES51,Heating Tertiary,2010,7320,8.615220292055987e-05,2010/11/01 23:00:00
ES51,Heating Tertiary,2010,7321,0.0001195560040529488,2010/11/02 00:00:00
ES51,Heating Tertiary,2010,7322,0.00013542600459094187,2010/11/02 01:00:00
ES51,Heating Tertiary,2010,7323,0.00014756800500255566,2010/11/02 02:00:00
ES51,Heating Tertiary,2010,7324,0.00015487000525009353,2010/11/02 03:00:00
ES51,Heating Tertiary,2010,7325,0.00015865600537843895,2010/11/02 04:00:00
ES51,Heating Tertiary,2010,7326,0.00016006200542610234,2010/11/02 05:00:00
ES51,Heating Tertiary,2010,7327,0.00015710200532575834,2010/11/02 06:00:00
ES51,Heating Tertiary,2010,7328,0.0001477840050098781,2010/11/02 07:00:00
ES51,Heating Tertiary,2010,7329,0.00013318600451500586,2010/11/02 08:00:00
ES51,Heating Tertiary,2010,7330,0.0001165090039496555,2010/11/02 09:00:00
ES51,Heating Tertiary,2010,7331,0.00010154400344234194,2010/11/02 10:00:00
ES51,Heating Tertiary,2010,7332,8.998650305054266e-05,2010/11/02 11:00:00
ES51,Heating Tertiary,2010,7333,8.19598027784375e-05,2010/11/02 12:00:00
ES51,Heating Tertiary,2010,7334,7.59575025749595e-05,2010/11/02 13:00:00
ES51,Heating Tertiary,2010,7335,7.193020243843403e-05,2010/11/02 14:00:00
ES51,Heating Tertiary,2010,7336,7.014460237790218e-05,2010/11/02 15:00:00
ES51,Heating Tertiary,2010,7337,7.024170238119386e-05,2010/11/02 16:00:00
ES51,Heating Tertiary,2010,7338,7.095780240546967e-05,2010/11/02 17:00:00
ES51,Heating Tertiary,2010,7339,7.119820241361922e-05,2010/11/02 18:00:00
ES51,Heating Tertiary,2010,7340,7.159090242693176e-05,2010/11/02 19:00:00
ES51,Heating Tertiary,2010,7341,7.334500248639574e-05,2010/11/02 20:00:00
ES51,Heating Tertiary,2010,7342,7.842810265871286e-05,2010/11/02 21:00:00
ES51,Heating Tertiary,2010,7343,8.827810299262788e-05,2010/11/02 22:00:00
ES51,Heating Tertiary,2010,7344,0.00010270600348173376,2010/11/02 23:00:00
ES51,Heating Tertiary,2010,7345,7.659080259642839e-05,2010/11/03 00:00:00
ES51,Heating Tertiary,2010,7346,8.675670294105242e-05,2010/11/03 01:00:00
ES51,Heating Tertiary,2010,7347,9.453580320476393e-05,2010/11/03 02:00:00
ES51,Heating Tertiary,2010,7348,9.921400336335494e-05,2010/11/03 03:00:00
ES51,Heating Tertiary,2010,7349,0.00010163900344556245,2010/11/03 04:00:00
ES51,Heating Tertiary,2010,7350,0.00010253900347607245,2010/11/03 05:00:00
ES51,Heating Tertiary,2010,7351,0.00010064300341179804,2010/11/03 06:00:00
ES51,Heating Tertiary,2010,7352,9.46741032094523e-05,2010/11/03 07:00:00
ES51,Heating Tertiary,2010,7353,8.53219028924127e-05,2010/11/03 08:00:00
ES51,Heating Tertiary,2010,7354,7.463810253023184e-05,2010/11/03 09:00:00
ES51,Heating Tertiary,2010,7355,6.505170220525285e-05,2010/11/03 10:00:00
ES51,Heating Tertiary,2010,7356,5.764760195425383e-05,2010/11/03 11:00:00
ES51,Heating Tertiary,2010,7357,5.2505501779936625e-05,2010/11/03 12:00:00
ES51,Heating Tertiary,2010,7358,4.866030164958434e-05,2010/11/03 13:00:00
ES51,Heating Tertiary,2010,7359,4.608020156211894e-05,2010/11/03 14:00:00
ES51,Heating Tertiary,2010,7360,4.493640152334411e-05,2010/11/03 15:00:00
ES51,Heating Tertiary,2010,7361,4.49986015254527e-05,2010/11/03 16:00:00
ES51,Heating Tertiary,2010,7362,4.545730154100262e-05,2010/11/03 17:00:00
ES51,Heating Tertiary,2010,7363,4.561130154622323e-05,2010/11/03 18:00:00
ES51,Heating Tertiary,2010,7364,4.586290155475247e-05,2010/11/03 19:00:00
ES51,Heating Tertiary,2010,7365,4.69866015928459e-05,2010/11/03 20:00:00
ES51,Heating Tertiary,2010,7366,5.024300170323787e-05,2010/11/03 21:00:00
ES51,Heating Tertiary,2010,7367,5.655310191715028e-05,2010/11/03 22:00:00
ES51,Heating Tertiary,2010,7368,6.57963022304948e-05,2010/11/03 23:00:00
ES51,Heating Tertiary,2010,7369,9.760660330886408e-05,2010/11/04 00:00:00
ES51,Heating Tertiary,2010,7370,0.00011056200374805218,2010/11/04 01:00:00
ES51,Heating Tertiary,2010,7371,0.00012047600408413681,2010/11/04 02:00:00
ES51,Heating Tertiary,2010,7372,0.00012643800428624864,2010/11/04 03:00:00
ES51,Heating Tertiary,2010,7373,0.00012952800439099962,2010/11/04 04:00:00
ES51,Heating Tertiary,2010,7374,0.00013067600442991686,2010/11/04 05:00:00
ES51,Heating Tertiary,2010,7375,0.00012825900434798053,2010/11/04 06:00:00
ES51,Heating Tertiary,2010,7376,0.00012065200409010321,2010/11/04 07:00:00
ES51,Heating Tertiary,2010,7377,0.00010873400368608297,2010/11/04 08:00:00
ES51,Heating Tertiary,2010,7378,9.511810322450392e-05,2010/11/04 09:00:00
ES51,Heating Tertiary,2010,7379,8.290130281035436e-05,2010/11/04 10:00:00
ES51,Heating Tertiary,2010,7380,7.34655024904807e-05,2010/11/04 11:00:00
ES51,Heating Tertiary,2010,7381,6.691260226833736e-05,2010/11/04 12:00:00
ES51,Heating Tertiary,2010,7382,6.201220210221379e-05,2010/11/04 13:00:00
ES51,Heating Tertiary,2010,7383,5.8724201990750585e-05,2010/11/04 14:00:00
ES51,Heating Tertiary,2010,7384,5.7266401941331154e-05,2010/11/04 15:00:00
ES51,Heating Tertiary,2010,7385,5.734590194402621e-05,2010/11/04 16:00:00
ES51,Heating Tertiary,2010,7386,5.7930401963840755e-05,2010/11/04 17:00:00
ES51,Heating Tertiary,2010,7387,5.812660197049194e-05,2010/11/04 18:00:00
ES51,Heating Tertiary,2010,7388,5.8447301981363667e-05,2010/11/04 19:00:00
ES51,Heating Tertiary,2010,7389,5.987940202991186e-05,2010/11/04 20:00:00
ES51,Heating Tertiary,2010,7390,6.402910217058671e-05,2010/11/04 21:00:00
ES51,Heating Tertiary,2010,7391,7.207070244319697e-05,2010/11/04 22:00:00
ES51,Heating Tertiary,2010,7392,8.385020284252207e-05,2010/11/04 23:00:00
ES51,Heating Tertiary,2010,7393,7.659080259642839e-05,2010/11/05 00:00:00
ES51,Heating Tertiary,2010,7394,8.675670294105242e-05,2010/11/05 01:00:00
ES51,Heating Tertiary,2010,7395,9.453580320476393e-05,2010/11/05 02:00:00
ES51,Heating Tertiary,2010,7396,9.921400336335494e-05,2010/11/05 03:00:00
ES51,Heating Tertiary,2010,7397,0.00010163900344556245,2010/11/05 04:00:00
ES51,Heating Tertiary,2010,7398,0.00010253900347607245,2010/11/05 05:00:00
ES51,Heating Tertiary,2010,7399,0.00010064300341179804,2010/11/05 06:00:00
ES51,Heating Tertiary,2010,7400,9.46741032094523e-05,2010/11/05 07:00:00
ES51,Heating Tertiary,2010,7401,8.53219028924127e-05,2010/11/05 08:00:00
ES51,Heating Tertiary,2010,7402,7.463810253023184e-05,2010/11/05 09:00:00
ES51,Heating Tertiary,2010,7403,6.505170220525285e-05,2010/11/05 10:00:00
ES51,Heating Tertiary,2010,7404,5.764760195425383e-05,2010/11/05 11:00:00
ES51,Heating Tertiary,2010,7405,5.2505501779936625e-05,2010/11/05 12:00:00
ES51,Heating Tertiary,2010,7406,4.866030164958434e-05,2010/11/05 13:00:00
ES51,Heating Tertiary,2010,7407,4.608020156211894e-05,2010/11/05 14:00:00
ES51,Heating Tertiary,2010,7408,4.493640152334411e-05,2010/11/05 15:00:00
ES51,Heating Tertiary,2010,7409,4.49986015254527e-05,2010/11/05 16:00:00
ES51,Heating Tertiary,2010,7410,4.545730154100262e-05,2010/11/05 17:00:00
ES51,Heating Tertiary,2010,7411,4.561130154622323e-05,2010/11/05 18:00:00
ES51,Heating Tertiary,2010,7412,4.586290155475247e-05,2010/11/05 19:00:00
ES51,Heating Tertiary,2010,7413,4.69866015928459e-05,2010/11/05 20:00:00
ES51,Heating Tertiary,2010,7414,5.024300170323787e-05,2010/11/05 21:00:00
ES51,Heating Tertiary,2010,7415,5.655310191715028e-05,2010/11/05 22:00:00
ES51,Heating Tertiary,2010,7416,6.57963022304948e-05,2010/11/05 23:00:00
ES51,Heating Tertiary,2010,7417,8.027220272122785e-05,2010/11/06 00:00:00
ES51,Heating Tertiary,2010,7418,9.140330309857218e-05,2010/11/06 01:00:00
ES51,Heating Tertiary,2010,7419,9.953890337436905e-05,2010/11/06 02:00:00
ES51,Heating Tertiary,2010,7420,0.00010420000353238036,2010/11/06 03:00:00
ES51,Heating Tertiary,2010,7421,0.00010702000362797836,2010/11/06 04:00:00
ES51,Heating Tertiary,2010,7422,0.00010849700367804867,2010/11/06 05:00:00
ES51,Heating Tertiary,2010,7423,0.00010695500362577486,2010/11/06 06:00:00
ES51,Heating Tertiary,2010,7424,0.00010116500342949386,2010/11/06 07:00:00
ES51,Heating Tertiary,2010,7425,9.180540311220337e-05,2010/11/06 08:00:00
ES51,Heating Tertiary,2010,7426,8.078470273860161e-05,2010/11/06 09:00:00
ES51,Heating Tertiary,2010,7427,7.019790237970905e-05,2010/11/06 10:00:00
ES51,Heating Tertiary,2010,7428,6.172040209232177e-05,2010/11/06 11:00:00
ES51,Heating Tertiary,2010,7429,5.565910188684368e-05,2010/11/06 12:00:00
ES51,Heating Tertiary,2010,7430,5.121010173602256e-05,2010/11/06 13:00:00
ES51,Heating Tertiary,2010,7431,4.8076001629776567e-05,2010/11/06 14:00:00
ES51,Heating Tertiary,2010,7432,4.6697001583028464e-05,2010/11/06 15:00:00
ES51,Heating Tertiary,2010,7433,4.6875301589072835e-05,2010/11/06 16:00:00
ES51,Heating Tertiary,2010,7434,4.7503301610362034e-05,2010/11/06 17:00:00
ES51,Heating Tertiary,2010,7435,4.77016016170844e-05,2010/11/06 18:00:00
ES51,Heating Tertiary,2010,7436,4.765980161566738e-05,2010/11/06 19:00:00
ES51,Heating Tertiary,2010,7437,4.826380163614299e-05,2010/11/06 20:00:00
ES51,Heating Tertiary,2010,7438,5.1101801732351193e-05,2010/11/06 21:00:00
ES51,Heating Tertiary,2010,7439,5.769480195585392e-05,2010/11/06 22:00:00
ES51,Heating Tertiary,2010,7440,6.79514023035527e-05,2010/11/06 23:00:00
ES51,Heating Tertiary,2010,7441,0.00010117700342990065,2010/11/07 00:00:00
ES51,Heating Tertiary,2010,7442,0.00011655300395114709,2010/11/07 01:00:00
ES51,Heating Tertiary,2010,7443,0.00012897000437208343,2010/11/07 02:00:00
ES51,Heating Tertiary,2010,7444,0.00013661700463131677,2010/11/07 03:00:00
ES51,Heating Tertiary,2010,7445,0.00014009400474918708,2010/11/07 04:00:00
ES51,Heating Tertiary,2010,7446,0.0001412870047896298,2010/11/07 05:00:00
ES51,Heating Tertiary,2010,7447,0.00013874500470345598,2010/11/07 06:00:00
ES51,Heating Tertiary,2010,7448,0.00013128200445046024,2010/11/07 07:00:00
ES51,Heating Tertiary,2010,7449,0.0001194460040492198,2010/11/07 08:00:00
ES51,Heating Tertiary,2010,7450,0.00010548000357577237,2010/11/07 09:00:00
ES51,Heating Tertiary,2010,7451,9.238070313170605e-05,2010/11/07 10:00:00
ES51,Heating Tertiary,2010,7452,8.228630278950585e-05,2010/11/07 11:00:00
ES51,Heating Tertiary,2010,7453,7.53175025532635e-05,2010/11/07 12:00:00
ES51,Heating Tertiary,2010,7454,6.994610237117303e-05,2010/11/07 13:00:00
ES51,Heating Tertiary,2010,7455,6.580910223092871e-05,2010/11/07 14:00:00
ES51,Heating Tertiary,2010,7456,6.352470215348754e-05,2010/11/07 15:00:00
ES51,Heating Tertiary,2010,7457,6.250740211900106e-05,2010/11/07 16:00:00
ES51,Heating Tertiary,2010,7458,6.201770210240024e-05,2010/11/07 17:00:00
ES51,Heating Tertiary,2010,7459,6.123350207581586e-05,2010/11/07 18:00:00
ES51,Heating Tertiary,2010,7460,6.096320206665269e-05,2010/11/07 19:00:00
ES51,Heating Tertiary,2010,7461,6.205620210370538e-05,2010/11/07 20:00:00
ES51,Heating Tertiary,2010,7462,6.59921022371324e-05,2010/11/07 21:00:00
ES51,Heating Tertiary,2010,7463,7.408160251136648e-05,2010/11/07 22:00:00
ES51,Heating Tertiary,2010,7464,8.615220292055987e-05,2010/11/07 23:00:00
ES51,Heating Tertiary,2010,7465,0.00014103900478122257,2010/11/08 00:00:00
ES51,Heating Tertiary,2010,7466,0.00015975900541583064,2010/11/08 01:00:00
ES51,Heating Tertiary,2010,7467,0.0001740840059014482,2010/11/08 02:00:00
ES51,Heating Tertiary,2010,7468,0.00018269900619349673,2010/11/08 03:00:00
ES51,Heating Tertiary,2010,7469,0.00018716500634489413,2010/11/08 04:00:00
ES51,Heating Tertiary,2010,7470,0.00018882300640110034,2010/11/08 05:00:00
ES51,Heating Tertiary,2010,7471,0.00018533000628268763,2010/11/08 06:00:00
ES51,Heating Tertiary,2010,7472,0.00017433900591009273,2010/11/08 07:00:00
ES51,Heating Tertiary,2010,7473,0.00015711700532626687,2010/11/08 08:00:00
ES51,Heating Tertiary,2010,7474,0.00013744300465931816,2010/11/08 09:00:00
ES51,Heating Tertiary,2010,7475,0.0001197910040609153,2010/11/08 10:00:00
ES51,Heating Tertiary,2010,7476,0.00010615600359868876,2010/11/08 11:00:00
ES51,Heating Tertiary,2010,7477,9.668700327768962e-05,2010/11/08 12:00:00
ES51,Heating Tertiary,2010,7478,8.96061030376471e-05,2010/11/08 13:00:00
ES51,Heating Tertiary,2010,7479,8.485520287659157e-05,2010/11/08 14:00:00
ES51,Heating Tertiary,2010,7480,8.274870280518121e-05,2010/11/08 15:00:00
ES51,Heating Tertiary,2010,7481,8.286330280906615e-05,2010/11/08 16:00:00
ES51,Heating Tertiary,2010,7482,8.370800283770149e-05,2010/11/08 17:00:00
ES51,Heating Tertiary,2010,7483,8.399160284731553e-05,2010/11/08 18:00:00
ES51,Heating Tertiary,2010,7484,8.44549028630214e-05,2010/11/08 19:00:00
ES51,Heating Tertiary,2010,7485,8.65241029331673e-05,2010/11/08 20:00:00
ES51,Heating Tertiary,2010,7486,9.252060313644865e-05,2010/11/08 21:00:00
ES51,Heating Tertiary,2010,7487,0.00010414000353034636,2010/11/08 22:00:00
ES51,Heating Tertiary,2010,7488,0.00012116200410739222,2010/11/08 23:00:00
ES51,Heating Tertiary,2010,7489,0.0002084450070662862,2010/11/09 00:00:00
ES51,Heating Tertiary,2010,7490,0.0002361130080042315,2010/11/09 01:00:00
ES51,Heating Tertiary,2010,7491,0.0002572830087218946,2010/11/09 02:00:00
ES51,Heating Tertiary,2010,7492,0.0002700150091535094,2010/11/09 03:00:00
ES51,Heating Tertiary,2010,7493,0.00027661600937728333,2010/11/09 04:00:00
ES51,Heating Tertiary,2010,7494,0.00027906500946030445,2010/11/09 05:00:00
ES51,Heating Tertiary,2010,7495,0.0002739050092853804,2010/11/09 06:00:00
ES51,Heating Tertiary,2010,7496,0.0002576600087346749,2010/11/09 07:00:00
ES51,Heating Tertiary,2010,7497,0.0002322070078718181,2010/11/09 08:00:00
ES51,Heating Tertiary,2010,7498,0.0002031310068861416,2010/11/09 09:00:00
ES51,Heating Tertiary,2010,7499,0.0001770410060016905,2010/11/09 10:00:00
ES51,Heating Tertiary,2010,7500,0.0001568900053185715,2010/11/09 11:00:00
ES51,Heating Tertiary,2010,7501,0.00014289600484417494,2010/11/09 12:00:00
ES51,Heating Tertiary,2010,7502,0.00013243100448941136,2010/11/09 13:00:00
ES51,Heating Tertiary,2010,7503,0.00012541000425139942,2010/11/09 14:00:00
ES51,Heating Tertiary,2010,7504,0.00012229600414583484,2010/11/09 15:00:00
ES51,Heating Tertiary,2010,7505,0.00012246500415156393,2010/11/09 16:00:00
ES51,Heating Tertiary,2010,7506,0.00012371400419390502,2010/11/09 17:00:00
ES51,Heating Tertiary,2010,7507,0.00012413400420814303,2010/11/09 18:00:00
ES51,Heating Tertiary,2010,7508,0.00012481800423133063,2010/11/09 19:00:00
ES51,Heating Tertiary,2010,7509,0.00012787700433503074,2010/11/09 20:00:00
ES51,Heating Tertiary,2010,7510,0.00013673900463545256,2010/11/09 21:00:00
ES51,Heating Tertiary,2010,7511,0.00015391100521758343,2010/11/09 22:00:00
ES51,Heating Tertiary,2010,7512,0.00017906700607037192,2010/11/09 23:00:00
ES51,Heating Tertiary,2010,7513,0.00016298900552532767,2010/11/10 00:00:00
ES51,Heating Tertiary,2010,7514,0.00018462200625868645,2010/11/10 01:00:00
ES51,Heating Tertiary,2010,7515,0.00020117700681990098,2010/11/10 02:00:00
ES51,Heating Tertiary,2010,7516,0.00021113200715737552,2010/11/10 03:00:00
ES51,Heating Tertiary,2010,7517,0.00021629300733233344,2010/11/10 04:00:00
ES51,Heating Tertiary,2010,7518,0.00021820900739728585,2010/11/10 05:00:00
ES51,Heating Tertiary,2010,7519,0.00021417300726046543,2010/11/10 06:00:00
ES51,Heating Tertiary,2010,7520,0.0002014710068298676,2010/11/10 07:00:00
ES51,Heating Tertiary,2010,7521,0.00018156900615518972,2010/11/10 08:00:00
ES51,Heating Tertiary,2010,7522,0.00015883300538443925,2010/11/10 09:00:00
ES51,Heating Tertiary,2010,7523,0.00013843400469291307,2010/11/10 10:00:00
ES51,Heating Tertiary,2010,7524,0.00012267700415875073,2010/11/10 11:00:00
ES51,Heating Tertiary,2010,7525,0.00011173500378781688,2010/11/10 12:00:00
ES51,Heating Tertiary,2010,7526,0.00010355100351037926,2010/11/10 13:00:00
ES51,Heating Tertiary,2010,7527,9.806110332427162e-05,2010/11/10 14:00:00
ES51,Heating Tertiary,2010,7528,9.562670324174546e-05,2010/11/10 15:00:00
ES51,Heating Tertiary,2010,7529,9.57593032462406e-05,2010/11/10 16:00:00
ES51,Heating Tertiary,2010,7530,9.673540327933038e-05,2010/11/10 17:00:00
ES51,Heating Tertiary,2010,7531,9.706310329043942e-05,2010/11/10 18:00:00
ES51,Heating Tertiary,2010,7532,9.759860330859287e-05,2010/11/10 19:00:00
ES51,Heating Tertiary,2010,7533,9.998990338965796e-05,2010/11/10 20:00:00
ES51,Heating Tertiary,2010,7534,0.00010692000362458837,2010/11/10 21:00:00
ES51,Heating Tertiary,2010,7535,0.00012034800407979761,2010/11/10 22:00:00
ES51,Heating Tertiary,2010,7536,0.00014001700474657676,2010/11/10 23:00:00
ES51,Heating Tertiary,2010,7537,0.00016298900552532767,2010/11/11 00:00:00
ES51,Heating Tertiary,2010,7538,0.00018462200625868645,2010/11/11 01:00:00
ES51,Heating Tertiary,2010,7539,0.00020117700681990098,2010/11/11 02:00:00
ES51,Heating Tertiary,2010,7540,0.00021113200715737552,2010/11/11 03:00:00
ES51,Heating Tertiary,2010,7541,0.00021629300733233344,2010/11/11 04:00:00
ES51,Heating Tertiary,2010,7542,0.00021820900739728585,2010/11/11 05:00:00
ES51,Heating Tertiary,2010,7543,0.00021417300726046543,2010/11/11 06:00:00
ES51,Heating Tertiary,2010,7544,0.0002014710068298676,2010/11/11 07:00:00
ES51,Heating Tertiary,2010,7545,0.00018156900615518972,2010/11/11 08:00:00
ES51,Heating Tertiary,2010,7546,0.00015883300538443925,2010/11/11 09:00:00
ES51,Heating Tertiary,2010,7547,0.00013843400469291307,2010/11/11 10:00:00
ES51,Heating Tertiary,2010,7548,0.00012267700415875073,2010/11/11 11:00:00
ES51,Heating Tertiary,2010,7549,0.00011173500378781688,2010/11/11 12:00:00
ES51,Heating Tertiary,2010,7550,0.00010355100351037926,2010/11/11 13:00:00
ES51,Heating Tertiary,2010,7551,9.806110332427162e-05,2010/11/11 14:00:00
ES51,Heating Tertiary,2010,7552,9.562670324174546e-05,2010/11/11 15:00:00
ES51,Heating Tertiary,2010,7553,9.57593032462406e-05,2010/11/11 16:00:00
ES51,Heating Tertiary,2010,7554,9.673540327933038e-05,2010/11/11 17:00:00
ES51,Heating Tertiary,2010,7555,9.706310329043942e-05,2010/11/11 18:00:00
ES51,Heating Tertiary,2010,7556,9.759860330859287e-05,2010/11/11 19:00:00
ES51,Heating Tertiary,2010,7557,9.998990338965796e-05,2010/11/11 20:00:00
ES51,Heating Tertiary,2010,7558,0.00010692000362458837,2010/11/11 21:00:00
ES51,Heating Tertiary,2010,7559,0.00012034800407979761,2010/11/11 22:00:00
ES51,Heating Tertiary,2010,7560,0.00014001700474657676,2010/11/11 23:00:00
ES51,Heating Tertiary,2010,7561,0.00018540600628526402,2010/11/12 00:00:00
ES51,Heating Tertiary,2010,7562,0.0002100150071195092,2010/11/12 01:00:00
ES51,Heating Tertiary,2010,7563,0.0002288460077578802,2010/11/12 02:00:00
ES51,Heating Tertiary,2010,7564,0.0002401700081417638,2010/11/12 03:00:00
ES51,Heating Tertiary,2010,7565,0.00024604200834082464,2010/11/12 04:00:00
ES51,Heating Tertiary,2010,7566,0.00024822000841465884,2010/11/12 05:00:00
ES51,Heating Tertiary,2010,7567,0.00024363000825905782,2010/11/12 06:00:00
ES51,Heating Tertiary,2010,7568,0.0002291800077692028,2010/11/12 07:00:00
ES51,Heating Tertiary,2010,7569,0.0002065410070017406,2010/11/12 08:00:00
ES51,Heating Tertiary,2010,7570,0.00018067900612501873,2010/11/12 09:00:00
ES51,Heating Tertiary,2010,7571,0.00015747200533830133,2010/11/12 10:00:00
ES51,Heating Tertiary,2010,7572,0.00013955000473074548,2010/11/12 11:00:00
ES51,Heating Tertiary,2010,7573,0.00012710200430875824,2010/11/12 12:00:00
ES51,Heating Tertiary,2010,7574,0.000117794003993217,2010/11/12 13:00:00
ES51,Heating Tertiary,2010,7575,0.00011154800378147758,2010/11/12 14:00:00
ES51,Heating Tertiary,2010,7576,0.00010877900368760847,2010/11/12 15:00:00
ES51,Heating Tertiary,2010,7577,0.00010893000369272737,2010/11/12 16:00:00
ES51,Heating Tertiary,2010,7578,0.00011004000373035638,2010/11/12 17:00:00
ES51,Heating Tertiary,2010,7579,0.00011041200374296718,2010/11/12 18:00:00
ES51,Heating Tertiary,2010,7580,0.00011102100376361227,2010/11/12 19:00:00
ES51,Heating Tertiary,2010,7581,0.00011374200385585419,2010/11/12 20:00:00
ES51,Heating Tertiary,2010,7582,0.00012162500412308791,2010/11/12 21:00:00
ES51,Heating Tertiary,2010,7583,0.00013690000464091048,2010/11/12 22:00:00
ES51,Heating Tertiary,2010,7584,0.00015927500539942305,2010/11/12 23:00:00
ES51,Heating Tertiary,2010,7585,0.00010229800346790255,2010/11/13 00:00:00
ES51,Heating Tertiary,2010,7586,0.00011648400394880799,2010/11/13 01:00:00
ES51,Heating Tertiary,2010,7587,0.00012685100430024932,2010/11/13 02:00:00
ES51,Heating Tertiary,2010,7588,0.00013279200450164926,2010/11/13 03:00:00
ES51,Heating Tertiary,2010,7589,0.00013638600462348587,2010/11/13 04:00:00
ES51,Heating Tertiary,2010,7590,0.00013826800468728567,2010/11/13 05:00:00
ES51,Heating Tertiary,2010,7591,0.00013630300462067217,2010/11/13 06:00:00
ES51,Heating Tertiary,2010,7592,0.00012892300437049013,2010/11/13 07:00:00
ES51,Heating Tertiary,2010,7593,0.00011699600396616479,2010/11/13 08:00:00
ES51,Heating Tertiary,2010,7594,0.00010295100349003924,2010/11/13 09:00:00
ES51,Heating Tertiary,2010,7595,8.945940303267396e-05,2010/11/13 10:00:00
ES51,Heating Tertiary,2010,7596,7.865590266643528e-05,2010/11/13 11:00:00
ES51,Heating Tertiary,2010,7597,7.09313024045713e-05,2010/11/13 12:00:00
ES51,Heating Tertiary,2010,7598,6.526160221236846e-05,2010/11/13 13:00:00
ES51,Heating Tertiary,2010,7599,6.126760207697185e-05,2010/11/13 14:00:00
ES51,Heating Tertiary,2010,7600,5.951020201739598e-05,2010/11/13 15:00:00
ES51,Heating Tertiary,2010,7601,5.973740202509806e-05,2010/11/13 16:00:00
ES51,Heating Tertiary,2010,7602,6.0537702052228235e-05,2010/11/13 17:00:00
ES51,Heating Tertiary,2010,7603,6.079050206079816e-05,2010/11/13 18:00:00
ES51,Heating Tertiary,2010,7604,6.073720205899129e-05,2010/11/13 19:00:00
ES51,Heating Tertiary,2010,7605,6.150690208508413e-05,2010/11/13 20:00:00
ES51,Heating Tertiary,2010,7606,6.512370220769365e-05,2010/11/13 21:00:00
ES51,Heating Tertiary,2010,7607,7.352560249251809e-05,2010/11/13 22:00:00
ES51,Heating Tertiary,2010,7608,8.659670293562843e-05,2010/11/13 23:00:00
ES51,Heating Tertiary,2010,7609,0.00012392900420119354,2010/11/14 00:00:00
ES51,Heating Tertiary,2010,7610,0.00014276500483973397,2010/11/14 01:00:00
ES51,Heating Tertiary,2010,7611,0.00015797200535525136,2010/11/14 02:00:00
ES51,Heating Tertiary,2010,7612,0.00016733900567279268,2010/11/14 03:00:00
ES51,Heating Tertiary,2010,7613,0.00017159900581720672,2010/11/14 04:00:00
ES51,Heating Tertiary,2010,7614,0.0001730600058667346,2010/11/14 05:00:00
ES51,Heating Tertiary,2010,7615,0.00016994600576116997,2010/11/14 06:00:00
ES51,Heating Tertiary,2010,7616,0.00016080300545122224,2010/11/14 07:00:00
ES51,Heating Tertiary,2010,7617,0.0001463060049597739,2010/11/14 08:00:00
ES51,Heating Tertiary,2010,7618,0.00012920100437991433,2010/11/14 09:00:00
ES51,Heating Tertiary,2010,7619,0.00011315600383598879,2010/11/14 10:00:00
ES51,Heating Tertiary,2010,7620,0.00010079100341681524,2010/11/14 11:00:00
ES51,Heating Tertiary,2010,7621,9.225490312744143e-05,2010/11/14 12:00:00
ES51,Heating Tertiary,2010,7622,8.567560290440313e-05,2010/11/14 13:00:00
ES51,Heating Tertiary,2010,7623,8.060830273262164e-05,2010/11/14 14:00:00
ES51,Heating Tertiary,2010,7624,7.781000263775926e-05,2010/11/14 15:00:00
ES51,Heating Tertiary,2010,7625,7.656400259551985e-05,2010/11/14 16:00:00
ES51,Heating Tertiary,2010,7626,7.596430257519002e-05,2010/11/14 17:00:00
ES51,Heating Tertiary,2010,7627,7.50036025426223e-05,2010/11/14 18:00:00
ES51,Heating Tertiary,2010,7628,7.467260253140139e-05,2010/11/14 19:00:00
ES51,Heating Tertiary,2010,7629,7.601150257679011e-05,2010/11/14 20:00:00
ES51,Heating Tertiary,2010,7630,8.083230274021525e-05,2010/11/14 21:00:00
ES51,Heating Tertiary,2010,7631,9.07411030761236e-05,2010/11/14 22:00:00
ES51,Heating Tertiary,2010,7632,0.00010552600357733176,2010/11/14 23:00:00
ES51,Heating Tertiary,2010,7633,9.760660330886408e-05,2010/11/15 00:00:00
ES51,Heating Tertiary,2010,7634,0.00011056200374805218,2010/11/15 01:00:00
ES51,Heating Tertiary,2010,7635,0.00012047600408413681,2010/11/15 02:00:00
ES51,Heating Tertiary,2010,7636,0.00012643800428624864,2010/11/15 03:00:00
ES51,Heating Tertiary,2010,7637,0.00012952800439099962,2010/11/15 04:00:00
ES51,Heating Tertiary,2010,7638,0.00013067600442991686,2010/11/15 05:00:00
ES51,Heating Tertiary,2010,7639,0.00012825900434798053,2010/11/15 06:00:00
ES51,Heating Tertiary,2010,7640,0.00012065200409010321,2010/11/15 07:00:00
ES51,Heating Tertiary,2010,7641,0.00010873400368608297,2010/11/15 08:00:00
ES51,Heating Tertiary,2010,7642,9.511810322450392e-05,2010/11/15 09:00:00
ES51,Heating Tertiary,2010,7643,8.290130281035436e-05,2010/11/15 10:00:00
ES51,Heating Tertiary,2010,7644,7.34655024904807e-05,2010/11/15 11:00:00
ES51,Heating Tertiary,2010,7645,6.691260226833736e-05,2010/11/15 12:00:00
ES51,Heating Tertiary,2010,7646,6.201220210221379e-05,2010/11/15 13:00:00
ES51,Heating Tertiary,2010,7647,5.8724201990750585e-05,2010/11/15 14:00:00
ES51,Heating Tertiary,2010,7648,5.7266401941331154e-05,2010/11/15 15:00:00
ES51,Heating Tertiary,2010,7649,5.734590194402621e-05,2010/11/15 16:00:00
ES51,Heating Tertiary,2010,7650,5.7930401963840755e-05,2010/11/15 17:00:00
ES51,Heating Tertiary,2010,7651,5.812660197049194e-05,2010/11/15 18:00:00
ES51,Heating Tertiary,2010,7652,5.8447301981363667e-05,2010/11/15 19:00:00
ES51,Heating Tertiary,2010,7653,5.987940202991186e-05,2010/11/15 20:00:00
ES51,Heating Tertiary,2010,7654,6.402910217058671e-05,2010/11/15 21:00:00
ES51,Heating Tertiary,2010,7655,7.207070244319697e-05,2010/11/15 22:00:00
ES51,Heating Tertiary,2010,7656,8.385020284252207e-05,2010/11/15 23:00:00
ES51,Heating Tertiary,2010,7657,0.00016298900552532767,2010/11/16 00:00:00
ES51,Heating Tertiary,2010,7658,0.00018462200625868645,2010/11/16 01:00:00
ES51,Heating Tertiary,2010,7659,0.00020117700681990098,2010/11/16 02:00:00
ES51,Heating Tertiary,2010,7660,0.00021113200715737552,2010/11/16 03:00:00
ES51,Heating Tertiary,2010,7661,0.00021629300733233344,2010/11/16 04:00:00
ES51,Heating Tertiary,2010,7662,0.00021820900739728585,2010/11/16 05:00:00
ES51,Heating Tertiary,2010,7663,0.00021417300726046543,2010/11/16 06:00:00
ES51,Heating Tertiary,2010,7664,0.0002014710068298676,2010/11/16 07:00:00
ES51,Heating Tertiary,2010,7665,0.00018156900615518972,2010/11/16 08:00:00
ES51,Heating Tertiary,2010,7666,0.00015883300538443925,2010/11/16 09:00:00
ES51,Heating Tertiary,2010,7667,0.00013843400469291307,2010/11/16 10:00:00
ES51,Heating Tertiary,2010,7668,0.00012267700415875073,2010/11/16 11:00:00
ES51,Heating Tertiary,2010,7669,0.00011173500378781688,2010/11/16 12:00:00
ES51,Heating Tertiary,2010,7670,0.00010355100351037926,2010/11/16 13:00:00
ES51,Heating Tertiary,2010,7671,9.806110332427162e-05,2010/11/16 14:00:00
ES51,Heating Tertiary,2010,7672,9.562670324174546e-05,2010/11/16 15:00:00
ES51,Heating Tertiary,2010,7673,9.57593032462406e-05,2010/11/16 16:00:00
ES51,Heating Tertiary,2010,7674,9.673540327933038e-05,2010/11/16 17:00:00
ES51,Heating Tertiary,2010,7675,9.706310329043942e-05,2010/11/16 18:00:00
ES51,Heating Tertiary,2010,7676,9.759860330859287e-05,2010/11/16 19:00:00
ES51,Heating Tertiary,2010,7677,9.998990338965796e-05,2010/11/16 20:00:00
ES51,Heating Tertiary,2010,7678,0.00010692000362458837,2010/11/16 21:00:00
ES51,Heating Tertiary,2010,7679,0.00012034800407979761,2010/11/16 22:00:00
ES51,Heating Tertiary,2010,7680,0.00014001700474657676,2010/11/16 23:00:00
ES51,Heating Tertiary,2010,7681,0.00018540600628526402,2010/11/17 00:00:00
ES51,Heating Tertiary,2010,7682,0.0002100150071195092,2010/11/17 01:00:00
ES51,Heating Tertiary,2010,7683,0.0002288460077578802,2010/11/17 02:00:00
ES51,Heating Tertiary,2010,7684,0.0002401700081417638,2010/11/17 03:00:00
ES51,Heating Tertiary,2010,7685,0.00024604200834082464,2010/11/17 04:00:00
ES51,Heating Tertiary,2010,7686,0.00024822000841465884,2010/11/17 05:00:00
ES51,Heating Tertiary,2010,7687,0.00024363000825905782,2010/11/17 06:00:00
ES51,Heating Tertiary,2010,7688,0.0002291800077692028,2010/11/17 07:00:00
ES51,Heating Tertiary,2010,7689,0.0002065410070017406,2010/11/17 08:00:00
ES51,Heating Tertiary,2010,7690,0.00018067900612501873,2010/11/17 09:00:00
ES51,Heating Tertiary,2010,7691,0.00015747200533830133,2010/11/17 10:00:00
ES51,Heating Tertiary,2010,7692,0.00013955000473074548,2010/11/17 11:00:00
ES51,Heating Tertiary,2010,7693,0.00012710200430875824,2010/11/17 12:00:00
ES51,Heating Tertiary,2010,7694,0.000117794003993217,2010/11/17 13:00:00
ES51,Heating Tertiary,2010,7695,0.00011154800378147758,2010/11/17 14:00:00
ES51,Heating Tertiary,2010,7696,0.00010877900368760847,2010/11/17 15:00:00
ES51,Heating Tertiary,2010,7697,0.00010893000369272737,2010/11/17 16:00:00
ES51,Heating Tertiary,2010,7698,0.00011004000373035638,2010/11/17 17:00:00
ES51,Heating Tertiary,2010,7699,0.00011041200374296718,2010/11/17 18:00:00
ES51,Heating Tertiary,2010,7700,0.00011102100376361227,2010/11/17 19:00:00
ES51,Heating Tertiary,2010,7701,0.00011374200385585419,2010/11/17 20:00:00
ES51,Heating Tertiary,2010,7702,0.00012162500412308791,2010/11/17 21:00:00
ES51,Heating Tertiary,2010,7703,0.00013690000464091048,2010/11/17 22:00:00
ES51,Heating Tertiary,2010,7704,0.00015927500539942305,2010/11/17 23:00:00
ES51,Heating Tertiary,2010,7705,0.0002291500077681858,2010/11/18 00:00:00
ES51,Heating Tertiary,2010,7706,0.00025956500879925436,2010/11/18 01:00:00
ES51,Heating Tertiary,2010,7707,0.0002828390095882431,2010/11/18 02:00:00
ES51,Heating Tertiary,2010,7708,0.0002968360100627414,2010/11/18 03:00:00
ES51,Heating Tertiary,2010,7709,0.00030409101030868597,2010/11/18 04:00:00
ES51,Heating Tertiary,2010,7710,0.00030678501040001257,2010/11/18 05:00:00
ES51,Heating Tertiary,2010,7711,0.00030111101020766394,2010/11/18 06:00:00
ES51,Heating Tertiary,2010,7712,0.00028325200960224376,2010/11/18 07:00:00
ES51,Heating Tertiary,2010,7713,0.00025527200865372164,2010/11/18 08:00:00
ES51,Heating Tertiary,2010,7714,0.00022330800757014194,2010/11/18 09:00:00
ES51,Heating Tertiary,2010,7715,0.00019462600659782208,2010/11/18 10:00:00
ES51,Heating Tertiary,2010,7716,0.00017247400584686923,2010/11/18 11:00:00
ES51,Heating Tertiary,2010,7717,0.00015708900532531762,2010/11/18 12:00:00
ES51,Heating Tertiary,2010,7718,0.000145585004935332,2010/11/18 13:00:00
ES51,Heating Tertiary,2010,7719,0.0001378660046736579,2010/11/18 14:00:00
ES51,Heating Tertiary,2010,7720,0.00013444400455765206,2010/11/18 15:00:00
ES51,Heating Tertiary,2010,7721,0.00013463000456395745,2010/11/18 16:00:00
ES51,Heating Tertiary,2010,7722,0.00013600200461046826,2010/11/18 17:00:00
ES51,Heating Tertiary,2010,7723,0.00013646300462609616,2010/11/18 18:00:00
ES51,Heating Tertiary,2010,7724,0.00013721500465158898,2010/11/18 19:00:00
ES51,Heating Tertiary,2010,7725,0.0001405780047655947,2010/11/18 20:00:00
ES51,Heating Tertiary,2010,7726,0.0001503200050958485,2010/11/18 21:00:00
ES51,Heating Tertiary,2010,7727,0.00016920000573588057,2010/11/18 22:00:00
ES51,Heating Tertiary,2010,7728,0.0001968540066733513,2010/11/18 23:00:00
ES51,Heating Tertiary,2010,7729,0.0002084450070662862,2010/11/19 00:00:00
ES51,Heating Tertiary,2010,7730,0.0002361130080042315,2010/11/19 01:00:00
ES51,Heating Tertiary,2010,7731,0.0002572830087218946,2010/11/19 02:00:00
ES51,Heating Tertiary,2010,7732,0.0002700150091535094,2010/11/19 03:00:00
ES51,Heating Tertiary,2010,7733,0.00027661600937728333,2010/11/19 04:00:00
ES51,Heating Tertiary,2010,7734,0.00027906500946030445,2010/11/19 05:00:00
ES51,Heating Tertiary,2010,7735,0.0002739050092853804,2010/11/19 06:00:00
ES51,Heating Tertiary,2010,7736,0.0002576600087346749,2010/11/19 07:00:00
ES51,Heating Tertiary,2010,7737,0.0002322070078718181,2010/11/19 08:00:00
ES51,Heating Tertiary,2010,7738,0.0002031310068861416,2010/11/19 09:00:00
ES51,Heating Tertiary,2010,7739,0.0001770410060016905,2010/11/19 10:00:00
ES51,Heating Tertiary,2010,7740,0.0001568900053185715,2010/11/19 11:00:00
ES51,Heating Tertiary,2010,7741,0.00014289600484417494,2010/11/19 12:00:00
ES51,Heating Tertiary,2010,7742,0.00013243100448941136,2010/11/19 13:00:00
ES51,Heating Tertiary,2010,7743,0.00012541000425139942,2010/11/19 14:00:00
ES51,Heating Tertiary,2010,7744,0.00012229600414583484,2010/11/19 15:00:00
ES51,Heating Tertiary,2010,7745,0.00012246500415156393,2010/11/19 16:00:00
ES51,Heating Tertiary,2010,7746,0.00012371400419390502,2010/11/19 17:00:00
ES51,Heating Tertiary,2010,7747,0.00012413400420814303,2010/11/19 18:00:00
ES51,Heating Tertiary,2010,7748,0.00012481800423133063,2010/11/19 19:00:00
ES51,Heating Tertiary,2010,7749,0.00012787700433503074,2010/11/19 20:00:00
ES51,Heating Tertiary,2010,7750,0.00013673900463545256,2010/11/19 21:00:00
ES51,Heating Tertiary,2010,7751,0.00015391100521758343,2010/11/19 22:00:00
ES51,Heating Tertiary,2010,7752,0.00017906700607037192,2010/11/19 23:00:00
ES51,Heating Tertiary,2010,7753,0.0002630060089159043,2010/11/20 00:00:00
ES51,Heating Tertiary,2010,7754,0.0002994750101522035,2010/11/20 01:00:00
ES51,Heating Tertiary,2010,7755,0.0003261320110558759,2010/11/20 02:00:00
ES51,Heating Tertiary,2010,7756,0.00034140501157363065,2010/11/20 03:00:00
ES51,Heating Tertiary,2010,7757,0.000350642011886765,2010/11/20 04:00:00
ES51,Heating Tertiary,2010,7758,0.000355484012050909,2010/11/20 05:00:00
ES51,Heating Tertiary,2010,7759,0.00035043301187967995,2010/11/20 06:00:00
ES51,Heating Tertiary,2010,7760,0.00033145901123646124,2010/11/20 07:00:00
ES51,Heating Tertiary,2010,7761,0.0003007940101969177,2010/11/20 08:00:00
ES51,Heating Tertiary,2010,7762,0.0002646850089728224,2010/11/20 09:00:00
ES51,Heating Tertiary,2010,7763,0.00022999800779693297,2010/11/20 10:00:00
ES51,Heating Tertiary,2010,7764,0.0002022220068553265,2010/11/20 11:00:00
ES51,Heating Tertiary,2010,7765,0.00018236300618210632,2010/11/20 12:00:00
ES51,Heating Tertiary,2010,7766,0.00016778600568794595,2010/11/20 13:00:00
ES51,Heating Tertiary,2010,7767,0.00015751700533982684,2010/11/20 14:00:00
ES51,Heating Tertiary,2010,7768,0.00015299900518666662,2010/11/20 15:00:00
ES51,Heating Tertiary,2010,7769,0.00015358300520646422,2010/11/20 16:00:00
ES51,Heating Tertiary,2010,7770,0.00015564100527623042,2010/11/20 17:00:00
ES51,Heating Tertiary,2010,7771,0.00015629100529826543,2010/11/20 18:00:00
ES51,Heating Tertiary,2010,7772,0.00015615300529358723,2010/11/20 19:00:00
ES51,Heating Tertiary,2010,7773,0.0001581330053607092,2010/11/20 20:00:00
ES51,Heating Tertiary,2010,7774,0.00016743100567591143,2010/11/20 21:00:00
ES51,Heating Tertiary,2010,7775,0.00018903300640821932,2010/11/20 22:00:00
ES51,Heating Tertiary,2010,7776,0.00022263700754739506,2010/11/20 23:00:00
ES51,Heating Tertiary,2010,7777,0.00023753100805230172,2010/11/21 00:00:00
ES51,Heating Tertiary,2010,7778,0.0002736320092761257,2010/11/21 01:00:00
ES51,Heating Tertiary,2010,7779,0.0003027810102642769,2010/11/21 02:00:00
ES51,Heating Tertiary,2010,7780,0.00032073201087281594,2010/11/21 03:00:00
ES51,Heating Tertiary,2010,7781,0.0003288970111496094,2010/11/21 04:00:00
ES51,Heating Tertiary,2010,7782,0.0003316970112445294,2010/11/21 05:00:00
ES51,Heating Tertiary,2010,7783,0.000325731011042282,2010/11/21 06:00:00
ES51,Heating Tertiary,2010,7784,0.00030820701044821837,2010/11/21 07:00:00
ES51,Heating Tertiary,2010,7785,0.0002804210095062728,2010/11/21 08:00:00
ES51,Heating Tertiary,2010,7786,0.0002476350083948273,2010/11/21 09:00:00
ES51,Heating Tertiary,2010,7787,0.00021688100735226665,2010/11/21 10:00:00
ES51,Heating Tertiary,2010,7788,0.00019318200654887044,2010/11/21 11:00:00
ES51,Heating Tertiary,2010,7789,0.0001768210059942325,2010/11/21 12:00:00
ES51,Heating Tertiary,2010,7790,0.0001642110055667534,2010/11/21 13:00:00
ES51,Heating Tertiary,2010,7791,0.00015450000523755053,2010/11/21 14:00:00
ES51,Heating Tertiary,2010,7792,0.0001491360050557109,2010/11/21 15:00:00
ES51,Heating Tertiary,2010,7793,0.00014674800497475768,2010/11/21 16:00:00
ES51,Heating Tertiary,2010,7794,0.00014559800493577264,2010/11/21 17:00:00
ES51,Heating Tertiary,2010,7795,0.00014375700487336278,2010/11/21 18:00:00
ES51,Heating Tertiary,2010,7796,0.0001431220048518363,2010/11/21 19:00:00
ES51,Heating Tertiary,2010,7797,0.0001456890049388576,2010/11/21 20:00:00
ES51,Heating Tertiary,2010,7798,0.00015492900525209362,2010/11/21 21:00:00
ES51,Heating Tertiary,2010,7799,0.00017392100589592248,2010/11/21 22:00:00
ES51,Heating Tertiary,2010,7800,0.00020225900685658078,2010/11/21 23:00:00
ES51,Heating Tertiary,2010,7801,0.0002291500077681858,2010/11/22 00:00:00
ES51,Heating Tertiary,2010,7802,0.00025956500879925436,2010/11/22 01:00:00
ES51,Heating Tertiary,2010,7803,0.0002828390095882431,2010/11/22 02:00:00
ES51,Heating Tertiary,2010,7804,0.0002968360100627414,2010/11/22 03:00:00
ES51,Heating Tertiary,2010,7805,0.00030409101030868597,2010/11/22 04:00:00
ES51,Heating Tertiary,2010,7806,0.00030678501040001257,2010/11/22 05:00:00
ES51,Heating Tertiary,2010,7807,0.00030111101020766394,2010/11/22 06:00:00
ES51,Heating Tertiary,2010,7808,0.00028325200960224376,2010/11/22 07:00:00
ES51,Heating Tertiary,2010,7809,0.00025527200865372164,2010/11/22 08:00:00
ES51,Heating Tertiary,2010,7810,0.00022330800757014194,2010/11/22 09:00:00
ES51,Heating Tertiary,2010,7811,0.00019462600659782208,2010/11/22 10:00:00
ES51,Heating Tertiary,2010,7812,0.00017247400584686923,2010/11/22 11:00:00
ES51,Heating Tertiary,2010,7813,0.00015708900532531762,2010/11/22 12:00:00
ES51,Heating Tertiary,2010,7814,0.000145585004935332,2010/11/22 13:00:00
ES51,Heating Tertiary,2010,7815,0.0001378660046736579,2010/11/22 14:00:00
ES51,Heating Tertiary,2010,7816,0.00013444400455765206,2010/11/22 15:00:00
ES51,Heating Tertiary,2010,7817,0.00013463000456395745,2010/11/22 16:00:00
ES51,Heating Tertiary,2010,7818,0.00013600200461046826,2010/11/22 17:00:00
ES51,Heating Tertiary,2010,7819,0.00013646300462609616,2010/11/22 18:00:00
ES51,Heating Tertiary,2010,7820,0.00013721500465158898,2010/11/22 19:00:00
ES51,Heating Tertiary,2010,7821,0.0001405780047655947,2010/11/22 20:00:00
ES51,Heating Tertiary,2010,7822,0.0001503200050958485,2010/11/22 21:00:00
ES51,Heating Tertiary,2010,7823,0.00016920000573588057,2010/11/22 22:00:00
ES51,Heating Tertiary,2010,7824,0.0001968540066733513,2010/11/22 23:00:00
ES51,Heating Tertiary,2010,7825,0.0002291500077681858,2010/11/23 00:00:00
ES51,Heating Tertiary,2010,7826,0.00025956500879925436,2010/11/23 01:00:00
ES51,Heating Tertiary,2010,7827,0.0002828390095882431,2010/11/23 02:00:00
ES51,Heating Tertiary,2010,7828,0.0002968360100627414,2010/11/23 03:00:00
ES51,Heating Tertiary,2010,7829,0.00030409101030868597,2010/11/23 04:00:00
ES51,Heating Tertiary,2010,7830,0.00030678501040001257,2010/11/23 05:00:00
ES51,Heating Tertiary,2010,7831,0.00030111101020766394,2010/11/23 06:00:00
ES51,Heating Tertiary,2010,7832,0.00028325200960224376,2010/11/23 07:00:00
ES51,Heating Tertiary,2010,7833,0.00025527200865372164,2010/11/23 08:00:00
ES51,Heating Tertiary,2010,7834,0.00022330800757014194,2010/11/23 09:00:00
ES51,Heating Tertiary,2010,7835,0.00019462600659782208,2010/11/23 10:00:00
ES51,Heating Tertiary,2010,7836,0.00017247400584686923,2010/11/23 11:00:00
ES51,Heating Tertiary,2010,7837,0.00015708900532531762,2010/11/23 12:00:00
ES51,Heating Tertiary,2010,7838,0.000145585004935332,2010/11/23 13:00:00
ES51,Heating Tertiary,2010,7839,0.0001378660046736579,2010/11/23 14:00:00
ES51,Heating Tertiary,2010,7840,0.00013444400455765206,2010/11/23 15:00:00
ES51,Heating Tertiary,2010,7841,0.00013463000456395745,2010/11/23 16:00:00
ES51,Heating Tertiary,2010,7842,0.00013600200461046826,2010/11/23 17:00:00
ES51,Heating Tertiary,2010,7843,0.00013646300462609616,2010/11/23 18:00:00
ES51,Heating Tertiary,2010,7844,0.00013721500465158898,2010/11/23 19:00:00
ES51,Heating Tertiary,2010,7845,0.0001405780047655947,2010/11/23 20:00:00
ES51,Heating Tertiary,2010,7846,0.0001503200050958485,2010/11/23 21:00:00
ES51,Heating Tertiary,2010,7847,0.00016920000573588057,2010/11/23 22:00:00
ES51,Heating Tertiary,2010,7848,0.0001968540066733513,2010/11/23 23:00:00
ES51,Heating Tertiary,2010,7849,0.0002291500077681858,2010/11/24 00:00:00
ES51,Heating Tertiary,2010,7850,0.00025956500879925436,2010/11/24 01:00:00
ES51,Heating Tertiary,2010,7851,0.0002828390095882431,2010/11/24 02:00:00
ES51,Heating Tertiary,2010,7852,0.0002968360100627414,2010/11/24 03:00:00
ES51,Heating Tertiary,2010,7853,0.00030409101030868597,2010/11/24 04:00:00
ES51,Heating Tertiary,2010,7854,0.00030678501040001257,2010/11/24 05:00:00
ES51,Heating Tertiary,2010,7855,0.00030111101020766394,2010/11/24 06:00:00
ES51,Heating Tertiary,2010,7856,0.00028325200960224376,2010/11/24 07:00:00
ES51,Heating Tertiary,2010,7857,0.00025527200865372164,2010/11/24 08:00:00
ES51,Heating Tertiary,2010,7858,0.00022330800757014194,2010/11/24 09:00:00
ES51,Heating Tertiary,2010,7859,0.00019462600659782208,2010/11/24 10:00:00
ES51,Heating Tertiary,2010,7860,0.00017247400584686923,2010/11/24 11:00:00
ES51,Heating Tertiary,2010,7861,0.00015708900532531762,2010/11/24 12:00:00
ES51,Heating Tertiary,2010,7862,0.000145585004935332,2010/11/24 13:00:00
ES51,Heating Tertiary,2010,7863,0.0001378660046736579,2010/11/24 14:00:00
ES51,Heating Tertiary,2010,7864,0.00013444400455765206,2010/11/24 15:00:00
ES51,Heating Tertiary,2010,7865,0.00013463000456395745,2010/11/24 16:00:00
ES51,Heating Tertiary,2010,7866,0.00013600200461046826,2010/11/24 17:00:00
ES51,Heating Tertiary,2010,7867,0.00013646300462609616,2010/11/24 18:00:00
ES51,Heating Tertiary,2010,7868,0.00013721500465158898,2010/11/24 19:00:00
ES51,Heating Tertiary,2010,7869,0.0001405780047655947,2010/11/24 20:00:00
ES51,Heating Tertiary,2010,7870,0.0001503200050958485,2010/11/24 21:00:00
ES51,Heating Tertiary,2010,7871,0.00016920000573588057,2010/11/24 22:00:00
ES51,Heating Tertiary,2010,7872,0.0001968540066733513,2010/11/24 23:00:00
ES51,Heating Tertiary,2010,7873,0.00027304900925636204,2010/11/25 00:00:00
ES51,Heating Tertiary,2010,7874,0.0003092910104849659,2010/11/25 01:00:00
ES51,Heating Tertiary,2010,7875,0.00033702401142511476,2010/11/25 02:00:00
ES51,Heating Tertiary,2010,7876,0.000353702011990499,2010/11/25 03:00:00
ES51,Heating Tertiary,2010,7877,0.0003623490122836323,2010/11/25 04:00:00
ES51,Heating Tertiary,2010,7878,0.0003655580123924175,2010/11/25 05:00:00
ES51,Heating Tertiary,2010,7879,0.00035879701216321954,2010/11/25 06:00:00
ES51,Heating Tertiary,2010,7880,0.0003375160114417936,2010/11/25 07:00:00
ES51,Heating Tertiary,2010,7881,0.00030417701031160133,2010/11/25 08:00:00
ES51,Heating Tertiary,2010,7882,0.00026608800902038415,2010/11/25 09:00:00
ES51,Heating Tertiary,2010,7883,0.0002319110078617837,2010/11/25 10:00:00
ES51,Heating Tertiary,2010,7884,0.000205517006967027,2010/11/25 11:00:00
ES51,Heating Tertiary,2010,7885,0.00018718500634557213,2010/11/25 12:00:00
ES51,Heating Tertiary,2010,7886,0.00017347600588083699,2010/11/25 13:00:00
ES51,Heating Tertiary,2010,7887,0.00016427800556902475,2010/11/25 14:00:00
ES51,Heating Tertiary,2010,7888,0.0001601990054307466,2010/11/25 15:00:00
ES51,Heating Tertiary,2010,7889,0.00016042200543830634,2010/11/25 16:00:00
ES51,Heating Tertiary,2010,7890,0.0001620570054937329,2010/11/25 17:00:00
ES51,Heating Tertiary,2010,7891,0.00016260600551234395,2010/11/25 18:00:00
ES51,Heating Tertiary,2010,7892,0.00016350300554275225,2010/11/25 19:00:00
ES51,Heating Tertiary,2010,7893,0.00016750900567855565,2010/11/25 20:00:00
ES51,Heating Tertiary,2010,7894,0.0001791180060721008,2010/11/25 21:00:00
ES51,Heating Tertiary,2010,7895,0.0002016140068347153,2010/11/25 22:00:00
ES51,Heating Tertiary,2010,7896,0.0002345670079518221,2010/11/25 23:00:00
ES51,Heating Tertiary,2010,7897,0.00027304900925636204,2010/11/26 00:00:00
ES51,Heating Tertiary,2010,7898,0.0003092910104849659,2010/11/26 01:00:00
ES51,Heating Tertiary,2010,7899,0.00033702401142511476,2010/11/26 02:00:00
ES51,Heating Tertiary,2010,7900,0.000353702011990499,2010/11/26 03:00:00
ES51,Heating Tertiary,2010,7901,0.0003623490122836323,2010/11/26 04:00:00
ES51,Heating Tertiary,2010,7902,0.0003655580123924175,2010/11/26 05:00:00
ES51,Heating Tertiary,2010,7903,0.00035879701216321954,2010/11/26 06:00:00
ES51,Heating Tertiary,2010,7904,0.0003375160114417936,2010/11/26 07:00:00
ES51,Heating Tertiary,2010,7905,0.00030417701031160133,2010/11/26 08:00:00
ES51,Heating Tertiary,2010,7906,0.00026608800902038415,2010/11/26 09:00:00
ES51,Heating Tertiary,2010,7907,0.0002319110078617837,2010/11/26 10:00:00
ES51,Heating Tertiary,2010,7908,0.000205517006967027,2010/11/26 11:00:00
ES51,Heating Tertiary,2010,7909,0.00018718500634557213,2010/11/26 12:00:00
ES51,Heating Tertiary,2010,7910,0.00017347600588083699,2010/11/26 13:00:00
ES51,Heating Tertiary,2010,7911,0.00016427800556902475,2010/11/26 14:00:00
ES51,Heating Tertiary,2010,7912,0.0001601990054307466,2010/11/26 15:00:00
ES51,Heating Tertiary,2010,7913,0.00016042200543830634,2010/11/26 16:00:00
ES51,Heating Tertiary,2010,7914,0.0001620570054937329,2010/11/26 17:00:00
ES51,Heating Tertiary,2010,7915,0.00016260600551234395,2010/11/26 18:00:00
ES51,Heating Tertiary,2010,7916,0.00016350300554275225,2010/11/26 19:00:00
ES51,Heating Tertiary,2010,7917,0.00016750900567855565,2010/11/26 20:00:00
ES51,Heating Tertiary,2010,7918,0.0001791180060721008,2010/11/26 21:00:00
ES51,Heating Tertiary,2010,7919,0.0002016140068347153,2010/11/26 22:00:00
ES51,Heating Tertiary,2010,7920,0.0002345670079518221,2010/11/26 23:00:00
ES51,Heating Tertiary,2010,7921,0.00031097401054201967,2010/11/27 00:00:00
ES51,Heating Tertiary,2010,7922,0.00035409501200382173,2010/11/27 01:00:00
ES51,Heating Tertiary,2010,7923,0.0003856120130722481,2010/11/27 02:00:00
ES51,Heating Tertiary,2010,7924,0.0004036720136844822,2010/11/27 03:00:00
ES51,Heating Tertiary,2010,7925,0.0004145930140547041,2010/11/27 04:00:00
ES51,Heating Tertiary,2010,7926,0.0004203180142487816,2010/11/27 05:00:00
ES51,Heating Tertiary,2010,7927,0.00041434501404629694,2010/11/27 06:00:00
ES51,Heating Tertiary,2010,7928,0.00039191101328578425,2010/11/27 07:00:00
ES51,Heating Tertiary,2010,7929,0.000355652012056604,2010/11/27 08:00:00
ES51,Heating Tertiary,2010,7930,0.0003129580106092773,2010/11/27 09:00:00
ES51,Heating Tertiary,2010,7931,0.00027194500921893643,2010/11/27 10:00:00
ES51,Heating Tertiary,2010,7932,0.00023910400810562643,2010/11/27 11:00:00
ES51,Heating Tertiary,2010,7933,0.00021562300730962043,2010/11/27 12:00:00
ES51,Heating Tertiary,2010,7934,0.00019838700672531996,2010/11/27 13:00:00
ES51,Heating Tertiary,2010,7935,0.00018624600631374005,2010/11/27 14:00:00
ES51,Heating Tertiary,2010,7936,0.0001809030061326123,2010/11/27 15:00:00
ES51,Heating Tertiary,2010,7937,0.00018159400615603722,2010/11/27 16:00:00
ES51,Heating Tertiary,2010,7938,0.0001840270062385159,2010/11/27 17:00:00
ES51,Heating Tertiary,2010,7939,0.00018479500626455113,2010/11/27 18:00:00
ES51,Heating Tertiary,2010,7940,0.00018463400625909321,2010/11/27 19:00:00
ES51,Heating Tertiary,2010,7941,0.00018697300633838536,2010/11/27 20:00:00
ES51,Heating Tertiary,2010,7942,0.00019796800671111587,2010/11/27 21:00:00
ES51,Heating Tertiary,2010,7943,0.00022350900757695584,2010/11/27 22:00:00
ES51,Heating Tertiary,2010,7944,0.0002632430089239386,2010/11/27 23:00:00
ES51,Heating Tertiary,2010,7945,0.00030756401042642066,2010/11/28 00:00:00
ES51,Heating Tertiary,2010,7946,0.00035430901201107635,2010/11/28 01:00:00
ES51,Heating Tertiary,2010,7947,0.00039205201329056417,2010/11/28 02:00:00
ES51,Heating Tertiary,2010,7948,0.0004152960140785358,2010/11/28 03:00:00
ES51,Heating Tertiary,2010,7949,0.0004258680144369267,2010/11/28 04:00:00
ES51,Heating Tertiary,2010,7950,0.0004294930145598142,2010/11/28 05:00:00
ES51,Heating Tertiary,2010,7951,0.00042176801429793663,2010/11/28 06:00:00
ES51,Heating Tertiary,2010,7952,0.00039907801352874554,2010/11/28 07:00:00
ES51,Heating Tertiary,2010,7953,0.00036309901230905734,2010/11/28 08:00:00
ES51,Heating Tertiary,2010,7954,0.00032064701086993437,2010/11/28 09:00:00
ES51,Heating Tertiary,2010,7955,0.0002808260095200024,2010/11/28 10:00:00
ES51,Heating Tertiary,2010,7956,0.00025014000847974684,2010/11/28 11:00:00
ES51,Heating Tertiary,2010,7957,0.0002289550077615753,2010/11/28 12:00:00
ES51,Heating Tertiary,2010,7958,0.00021262700720805602,2010/11/28 13:00:00
ES51,Heating Tertiary,2010,7959,0.00020005100678172956,2010/11/28 14:00:00
ES51,Heating Tertiary,2010,7960,0.00019310700654632797,2010/11/28 15:00:00
ES51,Heating Tertiary,2010,7961,0.00019001500644150914,2010/11/28 16:00:00
ES51,Heating Tertiary,2010,7962,0.00018852600639103205,2010/11/28 17:00:00
ES51,Heating Tertiary,2010,7963,0.00018614100631018053,2010/11/28 18:00:00
ES51,Heating Tertiary,2010,7964,0.00018532000628234863,2010/11/28 19:00:00
ES51,Heating Tertiary,2010,7965,0.00018864300639499833,2010/11/28 20:00:00
ES51,Heating Tertiary,2010,7966,0.00020060700680057798,2010/11/28 21:00:00
ES51,Heating Tertiary,2010,7967,0.00022519900763424687,2010/11/28 22:00:00
ES51,Heating Tertiary,2010,7968,0.0002618910088781058,2010/11/28 23:00:00
ES51,Heating Tertiary,2010,7969,0.00027304900925636204,2010/11/29 00:00:00
ES51,Heating Tertiary,2010,7970,0.0003092910104849659,2010/11/29 01:00:00
ES51,Heating Tertiary,2010,7971,0.00033702401142511476,2010/11/29 02:00:00
ES51,Heating Tertiary,2010,7972,0.000353702011990499,2010/11/29 03:00:00
ES51,Heating Tertiary,2010,7973,0.0003623490122836323,2010/11/29 04:00:00
ES51,Heating Tertiary,2010,7974,0.0003655580123924175,2010/11/29 05:00:00
ES51,Heating Tertiary,2010,7975,0.00035879701216321954,2010/11/29 06:00:00
ES51,Heating Tertiary,2010,7976,0.0003375160114417936,2010/11/29 07:00:00
ES51,Heating Tertiary,2010,7977,0.00030417701031160133,2010/11/29 08:00:00
ES51,Heating Tertiary,2010,7978,0.00026608800902038415,2010/11/29 09:00:00
ES51,Heating Tertiary,2010,7979,0.0002319110078617837,2010/11/29 10:00:00
ES51,Heating Tertiary,2010,7980,0.000205517006967027,2010/11/29 11:00:00
ES51,Heating Tertiary,2010,7981,0.00018718500634557213,2010/11/29 12:00:00
ES51,Heating Tertiary,2010,7982,0.00017347600588083699,2010/11/29 13:00:00
ES51,Heating Tertiary,2010,7983,0.00016427800556902475,2010/11/29 14:00:00
ES51,Heating Tertiary,2010,7984,0.0001601990054307466,2010/11/29 15:00:00
ES51,Heating Tertiary,2010,7985,0.00016042200543830634,2010/11/29 16:00:00
ES51,Heating Tertiary,2010,7986,0.0001620570054937329,2010/11/29 17:00:00
ES51,Heating Tertiary,2010,7987,0.00016260600551234395,2010/11/29 18:00:00
ES51,Heating Tertiary,2010,7988,0.00016350300554275225,2010/11/29 19:00:00
ES51,Heating Tertiary,2010,7989,0.00016750900567855565,2010/11/29 20:00:00
ES51,Heating Tertiary,2010,7990,0.0001791180060721008,2010/11/29 21:00:00
ES51,Heating Tertiary,2010,7991,0.0002016140068347153,2010/11/29 22:00:00
ES51,Heating Tertiary,2010,7992,0.0002345670079518221,2010/11/29 23:00:00
ES51,Heating Tertiary,2010,7993,0.00032161901090288524,2010/11/30 00:00:00
ES51,Heating Tertiary,2010,7994,0.00036430801235004247,2010/11/30 01:00:00
ES51,Heating Tertiary,2010,7995,0.00039697301345738604,2010/11/30 02:00:00
ES51,Heating Tertiary,2010,7996,0.0004166180141233517,2010/11/30 03:00:00
ES51,Heating Tertiary,2010,7997,0.00042680201446858925,2010/11/30 04:00:00
ES51,Heating Tertiary,2010,7998,0.00043058201459673126,2010/11/30 05:00:00
ES51,Heating Tertiary,2010,7999,0.0004226200143268194,2010/11/30 06:00:00
ES51,Heating Tertiary,2010,8000,0.0003975540134770819,2010/11/30 07:00:00
ES51,Heating Tertiary,2010,8001,0.00035828301214579493,2010/11/30 08:00:00
ES51,Heating Tertiary,2010,8002,0.00031341901062490525,2010/11/30 09:00:00
ES51,Heating Tertiary,2010,8003,0.0002731650092602944,2010/11/30 10:00:00
ES51,Heating Tertiary,2010,8004,0.00024207300820627554,2010/11/30 11:00:00
ES51,Heating Tertiary,2010,8005,0.00022048100747430665,2010/11/30 12:00:00
ES51,Heating Tertiary,2010,8006,0.0002043340069269233,2010/11/30 13:00:00
ES51,Heating Tertiary,2010,8007,0.00019350000655965065,2010/11/30 14:00:00
ES51,Heating Tertiary,2010,8008,0.00018869700639682893,2010/11/30 15:00:00
ES51,Heating Tertiary,2010,8009,0.00018895800640567685,2010/11/30 16:00:00
ES51,Heating Tertiary,2010,8010,0.00019088400647096824,2010/11/30 17:00:00
ES51,Heating Tertiary,2010,8011,0.00019153100649290156,2010/11/30 18:00:00
ES51,Heating Tertiary,2010,8012,0.00019258700652869995,2010/11/30 19:00:00
ES51,Heating Tertiary,2010,8013,0.00019730500668864017,2010/11/30 20:00:00
ES51,Heating Tertiary,2010,8014,0.0002109800071522227,2010/11/30 21:00:00
ES51,Heating Tertiary,2010,8015,0.00023747700805047111,2010/11/30 22:00:00
ES51,Heating Tertiary,2010,8016,0.00027629000936623196,2010/11/30 23:00:00
ES51,Heating Tertiary,2010,8017,0.00032161901090288524,2010/12/01 00:00:00
ES51,Heating Tertiary,2010,8018,0.00036430801235004247,2010/12/01 01:00:00
ES51,Heating Tertiary,2010,8019,0.00039697301345738604,2010/12/01 02:00:00
ES51,Heating Tertiary,2010,8020,0.0004166180141233517,2010/12/01 03:00:00
ES51,Heating Tertiary,2010,8021,0.00042680201446858925,2010/12/01 04:00:00
ES51,Heating Tertiary,2010,8022,0.00043058201459673126,2010/12/01 05:00:00
ES51,Heating Tertiary,2010,8023,0.0004226200143268194,2010/12/01 06:00:00
ES51,Heating Tertiary,2010,8024,0.0003975540134770819,2010/12/01 07:00:00
ES51,Heating Tertiary,2010,8025,0.00035828301214579493,2010/12/01 08:00:00
ES51,Heating Tertiary,2010,8026,0.00031341901062490525,2010/12/01 09:00:00
ES51,Heating Tertiary,2010,8027,0.0002731650092602944,2010/12/01 10:00:00
ES51,Heating Tertiary,2010,8028,0.00024207300820627554,2010/12/01 11:00:00
ES51,Heating Tertiary,2010,8029,0.00022048100747430665,2010/12/01 12:00:00
ES51,Heating Tertiary,2010,8030,0.0002043340069269233,2010/12/01 13:00:00
ES51,Heating Tertiary,2010,8031,0.00019350000655965065,2010/12/01 14:00:00
ES51,Heating Tertiary,2010,8032,0.00018869700639682893,2010/12/01 15:00:00
ES51,Heating Tertiary,2010,8033,0.00018895800640567685,2010/12/01 16:00:00
ES51,Heating Tertiary,2010,8034,0.00019088400647096824,2010/12/01 17:00:00
ES51,Heating Tertiary,2010,8035,0.00019153100649290156,2010/12/01 18:00:00
ES51,Heating Tertiary,2010,8036,0.00019258700652869995,2010/12/01 19:00:00
ES51,Heating Tertiary,2010,8037,0.00019730500668864017,2010/12/01 20:00:00
ES51,Heating Tertiary,2010,8038,0.0002109800071522227,2010/12/01 21:00:00
ES51,Heating Tertiary,2010,8039,0.00023747700805047111,2010/12/01 22:00:00
ES51,Heating Tertiary,2010,8040,0.00027629000936623196,2010/12/01 23:00:00
ES51,Heating Tertiary,2010,8041,0.00025094400850700246,2010/12/02 00:00:00
ES51,Heating Tertiary,2010,8042,0.0002842520096361438,2010/12/02 01:00:00
ES51,Heating Tertiary,2010,8043,0.00030974001050018706,2010/12/02 02:00:00
ES51,Heating Tertiary,2010,8044,0.0003250670110197724,2010/12/02 03:00:00
ES51,Heating Tertiary,2010,8045,0.00033301301128914194,2010/12/02 04:00:00
ES51,Heating Tertiary,2010,8046,0.0003359630113891469,2010/12/02 05:00:00
ES51,Heating Tertiary,2010,8047,0.0003297500111785261,2010/12/02 06:00:00
ES51,Heating Tertiary,2010,8048,0.00031019301051554373,2010/12/02 07:00:00
ES51,Heating Tertiary,2010,8049,0.00027955100947677983,2010/12/02 08:00:00
ES51,Heating Tertiary,2010,8050,0.00024454600829011024,2010/12/02 09:00:00
ES51,Heating Tertiary,2010,8051,0.000213137007225345,2010/12/02 10:00:00
ES51,Heating Tertiary,2010,8052,0.00018887800640296482,2010/12/02 11:00:00
ES51,Heating Tertiary,2010,8053,0.00017203100583185145,2010/12/02 12:00:00
ES51,Heating Tertiary,2010,8054,0.00015943200540474538,2010/12/02 13:00:00
ES51,Heating Tertiary,2010,8055,0.00015097800511815467,2010/12/02 14:00:00
ES51,Heating Tertiary,2010,8056,0.0001472300049910975,2010/12/02 15:00:00
ES51,Heating Tertiary,2010,8057,0.000147435004998047,2010/12/02 16:00:00
ES51,Heating Tertiary,2010,8058,0.0001489380050489987,2010/12/02 17:00:00
ES51,Heating Tertiary,2010,8059,0.0001494410050660504,2010/12/02 18:00:00
ES51,Heating Tertiary,2010,8060,0.0001502660050940179,2010/12/02 19:00:00
ES51,Heating Tertiary,2010,8061,0.00015394800521883767,2010/12/02 20:00:00
ES51,Heating Tertiary,2010,8062,0.0001646170055805169,2010/12/02 21:00:00
ES51,Heating Tertiary,2010,8063,0.00018529200628139943,2010/12/02 22:00:00
ES51,Heating Tertiary,2010,8064,0.00021557700730806103,2010/12/02 23:00:00
ES51,Heating Tertiary,2010,8065,0.00032161901090288524,2010/12/03 00:00:00
ES51,Heating Tertiary,2010,8066,0.00036430801235004247,2010/12/03 01:00:00
ES51,Heating Tertiary,2010,8067,0.00039697301345738604,2010/12/03 02:00:00
ES51,Heating Tertiary,2010,8068,0.0004166180141233517,2010/12/03 03:00:00
ES51,Heating Tertiary,2010,8069,0.00042680201446858925,2010/12/03 04:00:00
ES51,Heating Tertiary,2010,8070,0.00043058201459673126,2010/12/03 05:00:00
ES51,Heating Tertiary,2010,8071,0.0004226200143268194,2010/12/03 06:00:00
ES51,Heating Tertiary,2010,8072,0.0003975540134770819,2010/12/03 07:00:00
ES51,Heating Tertiary,2010,8073,0.00035828301214579493,2010/12/03 08:00:00
ES51,Heating Tertiary,2010,8074,0.00031341901062490525,2010/12/03 09:00:00
ES51,Heating Tertiary,2010,8075,0.0002731650092602944,2010/12/03 10:00:00
ES51,Heating Tertiary,2010,8076,0.00024207300820627554,2010/12/03 11:00:00
ES51,Heating Tertiary,2010,8077,0.00022048100747430665,2010/12/03 12:00:00
ES51,Heating Tertiary,2010,8078,0.0002043340069269233,2010/12/03 13:00:00
ES51,Heating Tertiary,2010,8079,0.00019350000655965065,2010/12/03 14:00:00
ES51,Heating Tertiary,2010,8080,0.00018869700639682893,2010/12/03 15:00:00
ES51,Heating Tertiary,2010,8081,0.00018895800640567685,2010/12/03 16:00:00
ES51,Heating Tertiary,2010,8082,0.00019088400647096824,2010/12/03 17:00:00
ES51,Heating Tertiary,2010,8083,0.00019153100649290156,2010/12/03 18:00:00
ES51,Heating Tertiary,2010,8084,0.00019258700652869995,2010/12/03 19:00:00
ES51,Heating Tertiary,2010,8085,0.00019730500668864017,2010/12/03 20:00:00
ES51,Heating Tertiary,2010,8086,0.0002109800071522227,2010/12/03 21:00:00
ES51,Heating Tertiary,2010,8087,0.00023747700805047111,2010/12/03 22:00:00
ES51,Heating Tertiary,2010,8088,0.00027629000936623196,2010/12/03 23:00:00
ES51,Heating Tertiary,2010,8089,0.0003370780114269454,2010/12/04 00:00:00
ES51,Heating Tertiary,2010,8090,0.0003838200130114993,2010/12/04 01:00:00
ES51,Heating Tertiary,2010,8091,0.00041798201416959124,2010/12/04 02:00:00
ES51,Heating Tertiary,2010,8092,0.0004375580148332177,2010/12/04 03:00:00
ES51,Heating Tertiary,2010,8093,0.0004493970152345598,2010/12/04 04:00:00
ES51,Heating Tertiary,2010,8094,0.00045560001544484155,2010/12/04 05:00:00
ES51,Heating Tertiary,2010,8095,0.00044912701522540683,2010/12/04 06:00:00
ES51,Heating Tertiary,2010,8096,0.00042481001440106044,2010/12/04 07:00:00
ES51,Heating Tertiary,2010,8097,0.0003855080130687225,2010/12/04 08:00:00
ES51,Heating Tertiary,2010,8098,0.0003392300114998982,2010/12/04 09:00:00
ES51,Heating Tertiary,2010,8099,0.0002947740099928396,2010/12/04 10:00:00
ES51,Heating Tertiary,2010,8100,0.00025917600878606726,2010/12/04 11:00:00
ES51,Heating Tertiary,2010,8101,0.0002337230079232105,2010/12/04 12:00:00
ES51,Heating Tertiary,2010,8102,0.00021504100728989063,2010/12/04 13:00:00
ES51,Heating Tertiary,2010,8103,0.00020188100684376658,2010/12/04 14:00:00
ES51,Heating Tertiary,2010,8104,0.0001960890066474178,2010/12/04 15:00:00
ES51,Heating Tertiary,2010,8105,0.00019683800667280886,2010/12/04 16:00:00
ES51,Heating Tertiary,2010,8106,0.00019947500676220317,2010/12/04 17:00:00
ES51,Heating Tertiary,2010,8107,0.0002003080067904419,2010/12/04 18:00:00
ES51,Heating Tertiary,2010,8108,0.0002001320067844755,2010/12/04 19:00:00
ES51,Heating Tertiary,2010,8109,0.0002026690068704798,2010/12/04 20:00:00
ES51,Heating Tertiary,2010,8110,0.00021458600727446614,2010/12/04 21:00:00
ES51,Heating Tertiary,2010,8111,0.00024227200821302163,2010/12/04 22:00:00
ES51,Heating Tertiary,2010,8112,0.0002853410096730609,2010/12/04 23:00:00
ES51,Heating Tertiary,2010,8113,0.00033338301130168493,2010/12/05 00:00:00
ES51,Heating Tertiary,2010,8114,0.00038405201301936414,2010/12/05 01:00:00
ES51,Heating Tertiary,2010,8115,0.00042496201440621323,2010/12/05 02:00:00
ES51,Heating Tertiary,2010,8116,0.00045015801526035774,2010/12/05 03:00:00
ES51,Heating Tertiary,2010,8117,0.0004616190156488857,2010/12/05 04:00:00
ES51,Heating Tertiary,2010,8118,0.0004655470157820449,2010/12/05 05:00:00
ES51,Heating Tertiary,2010,8119,0.00045717401549820013,2010/12/05 06:00:00
ES51,Heating Tertiary,2010,8120,0.0004325790146644296,2010/12/05 07:00:00
ES51,Heating Tertiary,2010,8121,0.00039358001334236333,2010/12/05 08:00:00
ES51,Heating Tertiary,2010,8122,0.0003475640117824208,2010/12/05 09:00:00
ES51,Heating Tertiary,2010,8123,0.00030439901031912713,2010/12/05 10:00:00
ES51,Heating Tertiary,2010,8124,0.0002711370091915452,2010/12/05 11:00:00
ES51,Heating Tertiary,2010,8125,0.00024817500841313336,2010/12/05 12:00:00
ES51,Heating Tertiary,2010,8126,0.0002304770078131711,2010/12/05 13:00:00
ES51,Heating Tertiary,2010,8127,0.00021684500735104625,2010/12/05 14:00:00
ES51,Heating Tertiary,2010,8128,0.000209317007095847,2010/12/05 15:00:00
ES51,Heating Tertiary,2010,8129,0.00020596500698221422,2010/12/05 16:00:00
ES51,Heating Tertiary,2010,8130,0.0002043520069275335,2010/12/05 17:00:00
ES51,Heating Tertiary,2010,8131,0.00020176700683990198,2010/12/05 18:00:00
ES51,Heating Tertiary,2010,8132,0.000200877006809731,2010/12/05 19:00:00
ES51,Heating Tertiary,2010,8133,0.0002044780069318049,2010/12/05 20:00:00
ES51,Heating Tertiary,2010,8134,0.00021744800737148794,2010/12/05 21:00:00
ES51,Heating Tertiary,2010,8135,0.00024410300827509254,2010/12/05 22:00:00
ES51,Heating Tertiary,2010,8136,0.00028387600962339737,2010/12/05 23:00:00
ES51,Heating Tertiary,2010,8137,0.00023753100805230172,2010/12/06 00:00:00
ES51,Heating Tertiary,2010,8138,0.0002736320092761257,2010/12/06 01:00:00
ES51,Heating Tertiary,2010,8139,0.0003027810102642769,2010/12/06 02:00:00
ES51,Heating Tertiary,2010,8140,0.00032073201087281594,2010/12/06 03:00:00
ES51,Heating Tertiary,2010,8141,0.0003288970111496094,2010/12/06 04:00:00
ES51,Heating Tertiary,2010,8142,0.0003316970112445294,2010/12/06 05:00:00
ES51,Heating Tertiary,2010,8143,0.000325731011042282,2010/12/06 06:00:00
ES51,Heating Tertiary,2010,8144,0.00030820701044821837,2010/12/06 07:00:00
ES51,Heating Tertiary,2010,8145,0.0002804210095062728,2010/12/06 08:00:00
ES51,Heating Tertiary,2010,8146,0.0002476350083948273,2010/12/06 09:00:00
ES51,Heating Tertiary,2010,8147,0.00021688100735226665,2010/12/06 10:00:00
ES51,Heating Tertiary,2010,8148,0.00019318200654887044,2010/12/06 11:00:00
ES51,Heating Tertiary,2010,8149,0.0001768210059942325,2010/12/06 12:00:00
ES51,Heating Tertiary,2010,8150,0.0001642110055667534,2010/12/06 13:00:00
ES51,Heating Tertiary,2010,8151,0.00015450000523755053,2010/12/06 14:00:00
ES51,Heating Tertiary,2010,8152,0.0001491360050557109,2010/12/06 15:00:00
ES51,Heating Tertiary,2010,8153,0.00014674800497475768,2010/12/06 16:00:00
ES51,Heating Tertiary,2010,8154,0.00014559800493577264,2010/12/06 17:00:00
ES51,Heating Tertiary,2010,8155,0.00014375700487336278,2010/12/06 18:00:00
ES51,Heating Tertiary,2010,8156,0.0001431220048518363,2010/12/06 19:00:00
ES51,Heating Tertiary,2010,8157,0.0001456890049388576,2010/12/06 20:00:00
ES51,Heating Tertiary,2010,8158,0.00015492900525209362,2010/12/06 21:00:00
ES51,Heating Tertiary,2010,8159,0.00017392100589592248,2010/12/06 22:00:00
ES51,Heating Tertiary,2010,8160,0.00020225900685658078,2010/12/06 23:00:00
ES51,Heating Tertiary,2010,8161,0.0001195560040529488,2010/12/07 00:00:00
ES51,Heating Tertiary,2010,8162,0.00013542600459094187,2010/12/07 01:00:00
ES51,Heating Tertiary,2010,8163,0.00014756800500255566,2010/12/07 02:00:00
ES51,Heating Tertiary,2010,8164,0.00015487000525009353,2010/12/07 03:00:00
ES51,Heating Tertiary,2010,8165,0.00015865600537843895,2010/12/07 04:00:00
ES51,Heating Tertiary,2010,8166,0.00016006200542610234,2010/12/07 05:00:00
ES51,Heating Tertiary,2010,8167,0.00015710200532575834,2010/12/07 06:00:00
ES51,Heating Tertiary,2010,8168,0.0001477840050098781,2010/12/07 07:00:00
ES51,Heating Tertiary,2010,8169,0.00013318600451500586,2010/12/07 08:00:00
ES51,Heating Tertiary,2010,8170,0.0001165090039496555,2010/12/07 09:00:00
ES51,Heating Tertiary,2010,8171,0.00010154400344234194,2010/12/07 10:00:00
ES51,Heating Tertiary,2010,8172,8.998650305054266e-05,2010/12/07 11:00:00
ES51,Heating Tertiary,2010,8173,8.19598027784375e-05,2010/12/07 12:00:00
ES51,Heating Tertiary,2010,8174,7.59575025749595e-05,2010/12/07 13:00:00
ES51,Heating Tertiary,2010,8175,7.193020243843403e-05,2010/12/07 14:00:00
ES51,Heating Tertiary,2010,8176,7.014460237790218e-05,2010/12/07 15:00:00
ES51,Heating Tertiary,2010,8177,7.024170238119386e-05,2010/12/07 16:00:00
ES51,Heating Tertiary,2010,8178,7.095780240546967e-05,2010/12/07 17:00:00
ES51,Heating Tertiary,2010,8179,7.119820241361922e-05,2010/12/07 18:00:00
ES51,Heating Tertiary,2010,8180,7.159090242693176e-05,2010/12/07 19:00:00
ES51,Heating Tertiary,2010,8181,7.334500248639574e-05,2010/12/07 20:00:00
ES51,Heating Tertiary,2010,8182,7.842810265871286e-05,2010/12/07 21:00:00
ES51,Heating Tertiary,2010,8183,8.827810299262788e-05,2010/12/07 22:00:00
ES51,Heating Tertiary,2010,8184,0.00010270600348173376,2010/12/07 23:00:00
ES51,Heating Tertiary,2010,8185,0.00010117700342990065,2010/12/08 00:00:00
ES51,Heating Tertiary,2010,8186,0.00011655300395114709,2010/12/08 01:00:00
ES51,Heating Tertiary,2010,8187,0.00012897000437208343,2010/12/08 02:00:00
ES51,Heating Tertiary,2010,8188,0.00013661700463131677,2010/12/08 03:00:00
ES51,Heating Tertiary,2010,8189,0.00014009400474918708,2010/12/08 04:00:00
ES51,Heating Tertiary,2010,8190,0.0001412870047896298,2010/12/08 05:00:00
ES51,Heating Tertiary,2010,8191,0.00013874500470345598,2010/12/08 06:00:00
ES51,Heating Tertiary,2010,8192,0.00013128200445046024,2010/12/08 07:00:00
ES51,Heating Tertiary,2010,8193,0.0001194460040492198,2010/12/08 08:00:00
ES51,Heating Tertiary,2010,8194,0.00010548000357577237,2010/12/08 09:00:00
ES51,Heating Tertiary,2010,8195,9.238070313170605e-05,2010/12/08 10:00:00
ES51,Heating Tertiary,2010,8196,8.228630278950585e-05,2010/12/08 11:00:00
ES51,Heating Tertiary,2010,8197,7.53175025532635e-05,2010/12/08 12:00:00
ES51,Heating Tertiary,2010,8198,6.994610237117303e-05,2010/12/08 13:00:00
ES51,Heating Tertiary,2010,8199,6.580910223092871e-05,2010/12/08 14:00:00
ES51,Heating Tertiary,2010,8200,6.352470215348754e-05,2010/12/08 15:00:00
ES51,Heating Tertiary,2010,8201,6.250740211900106e-05,2010/12/08 16:00:00
ES51,Heating Tertiary,2010,8202,6.201770210240024e-05,2010/12/08 17:00:00
ES51,Heating Tertiary,2010,8203,6.123350207581586e-05,2010/12/08 18:00:00
ES51,Heating Tertiary,2010,8204,6.096320206665269e-05,2010/12/08 19:00:00
ES51,Heating Tertiary,2010,8205,6.205620210370538e-05,2010/12/08 20:00:00
ES51,Heating Tertiary,2010,8206,6.59921022371324e-05,2010/12/08 21:00:00
ES51,Heating Tertiary,2010,8207,7.408160251136648e-05,2010/12/08 22:00:00
ES51,Heating Tertiary,2010,8208,8.615220292055987e-05,2010/12/08 23:00:00
ES51,Heating Tertiary,2010,8209,7.659080259642839e-05,2010/12/09 00:00:00
ES51,Heating Tertiary,2010,8210,8.675670294105242e-05,2010/12/09 01:00:00
ES51,Heating Tertiary,2010,8211,9.453580320476393e-05,2010/12/09 02:00:00
ES51,Heating Tertiary,2010,8212,9.921400336335494e-05,2010/12/09 03:00:00
ES51,Heating Tertiary,2010,8213,0.00010163900344556245,2010/12/09 04:00:00
ES51,Heating Tertiary,2010,8214,0.00010253900347607245,2010/12/09 05:00:00
ES51,Heating Tertiary,2010,8215,0.00010064300341179804,2010/12/09 06:00:00
ES51,Heating Tertiary,2010,8216,9.46741032094523e-05,2010/12/09 07:00:00
ES51,Heating Tertiary,2010,8217,8.53219028924127e-05,2010/12/09 08:00:00
ES51,Heating Tertiary,2010,8218,7.463810253023184e-05,2010/12/09 09:00:00
ES51,Heating Tertiary,2010,8219,6.505170220525285e-05,2010/12/09 10:00:00
ES51,Heating Tertiary,2010,8220,5.764760195425383e-05,2010/12/09 11:00:00
ES51,Heating Tertiary,2010,8221,5.2505501779936625e-05,2010/12/09 12:00:00
ES51,Heating Tertiary,2010,8222,4.866030164958434e-05,2010/12/09 13:00:00
ES51,Heating Tertiary,2010,8223,4.608020156211894e-05,2010/12/09 14:00:00
ES51,Heating Tertiary,2010,8224,4.493640152334411e-05,2010/12/09 15:00:00
ES51,Heating Tertiary,2010,8225,4.49986015254527e-05,2010/12/09 16:00:00
ES51,Heating Tertiary,2010,8226,4.545730154100262e-05,2010/12/09 17:00:00
ES51,Heating Tertiary,2010,8227,4.561130154622323e-05,2010/12/09 18:00:00
ES51,Heating Tertiary,2010,8228,4.586290155475247e-05,2010/12/09 19:00:00
ES51,Heating Tertiary,2010,8229,4.69866015928459e-05,2010/12/09 20:00:00
ES51,Heating Tertiary,2010,8230,5.024300170323787e-05,2010/12/09 21:00:00
ES51,Heating Tertiary,2010,8231,5.655310191715028e-05,2010/12/09 22:00:00
ES51,Heating Tertiary,2010,8232,6.57963022304948e-05,2010/12/09 23:00:00
ES51,Heating Tertiary,2010,8233,0.00014103900478122257,2010/12/10 00:00:00
ES51,Heating Tertiary,2010,8234,0.00015975900541583064,2010/12/10 01:00:00
ES51,Heating Tertiary,2010,8235,0.0001740840059014482,2010/12/10 02:00:00
ES51,Heating Tertiary,2010,8236,0.00018269900619349673,2010/12/10 03:00:00
ES51,Heating Tertiary,2010,8237,0.00018716500634489413,2010/12/10 04:00:00
ES51,Heating Tertiary,2010,8238,0.00018882300640110034,2010/12/10 05:00:00
ES51,Heating Tertiary,2010,8239,0.00018533000628268763,2010/12/10 06:00:00
ES51,Heating Tertiary,2010,8240,0.00017433900591009273,2010/12/10 07:00:00
ES51,Heating Tertiary,2010,8241,0.00015711700532626687,2010/12/10 08:00:00
ES51,Heating Tertiary,2010,8242,0.00013744300465931816,2010/12/10 09:00:00
ES51,Heating Tertiary,2010,8243,0.0001197910040609153,2010/12/10 10:00:00
ES51,Heating Tertiary,2010,8244,0.00010615600359868876,2010/12/10 11:00:00
ES51,Heating Tertiary,2010,8245,9.668700327768962e-05,2010/12/10 12:00:00
ES51,Heating Tertiary,2010,8246,8.96061030376471e-05,2010/12/10 13:00:00
ES51,Heating Tertiary,2010,8247,8.485520287659157e-05,2010/12/10 14:00:00
ES51,Heating Tertiary,2010,8248,8.274870280518121e-05,2010/12/10 15:00:00
ES51,Heating Tertiary,2010,8249,8.286330280906615e-05,2010/12/10 16:00:00
ES51,Heating Tertiary,2010,8250,8.370800283770149e-05,2010/12/10 17:00:00
ES51,Heating Tertiary,2010,8251,8.399160284731553e-05,2010/12/10 18:00:00
ES51,Heating Tertiary,2010,8252,8.44549028630214e-05,2010/12/10 19:00:00
ES51,Heating Tertiary,2010,8253,8.65241029331673e-05,2010/12/10 20:00:00
ES51,Heating Tertiary,2010,8254,9.252060313644865e-05,2010/12/10 21:00:00
ES51,Heating Tertiary,2010,8255,0.00010414000353034636,2010/12/10 22:00:00
ES51,Heating Tertiary,2010,8256,0.00012116200410739222,2010/12/10 23:00:00
ES51,Heating Tertiary,2010,8257,0.00021846400740593036,2010/12/11 00:00:00
ES51,Heating Tertiary,2010,8258,0.00024875800843289703,2010/12/11 01:00:00
ES51,Heating Tertiary,2010,8259,0.000270899009183477,2010/12/11 02:00:00
ES51,Heating Tertiary,2010,8260,0.00028358600961356635,2010/12/11 03:00:00
ES51,Heating Tertiary,2010,8261,0.0002912590098736811,2010/12/11 04:00:00
ES51,Heating Tertiary,2010,8262,0.000295280010009993,2010/12/11 05:00:00
ES51,Heating Tertiary,2010,8263,0.0002910850098677825,2010/12/11 06:00:00
ES51,Heating Tertiary,2010,8264,0.0002753250093335184,2010/12/11 07:00:00
ES51,Heating Tertiary,2010,8265,0.00024985300847001757,2010/12/11 08:00:00
ES51,Heating Tertiary,2010,8266,0.00021985900745322086,2010/12/11 09:00:00
ES51,Heating Tertiary,2010,8267,0.00019104700647649394,2010/12/11 10:00:00
ES51,Heating Tertiary,2010,8268,0.00016797500569435306,2010/12/11 11:00:00
ES51,Heating Tertiary,2010,8269,0.00015147800513510466,2010/12/11 12:00:00
ES51,Heating Tertiary,2010,8270,0.0001393710047246774,2010/12/11 13:00:00
ES51,Heating Tertiary,2010,8271,0.00013084100443551037,2010/12/11 14:00:00
ES51,Heating Tertiary,2010,8272,0.00012708900430831753,2010/12/11 15:00:00
ES51,Heating Tertiary,2010,8273,0.00012757400432475904,2010/12/11 16:00:00
ES51,Heating Tertiary,2010,8274,0.00012928200438266024,2010/12/11 17:00:00
ES51,Heating Tertiary,2010,8275,0.00012982200440096625,2010/12/11 18:00:00
ES51,Heating Tertiary,2010,8276,0.00012970800439710163,2010/12/11 19:00:00
ES51,Heating Tertiary,2010,8277,0.00013135200445283326,2010/12/11 20:00:00
ES51,Heating Tertiary,2010,8278,0.00013907600471467686,2010/12/11 21:00:00
ES51,Heating Tertiary,2010,8279,0.00015701800532291074,2010/12/11 22:00:00
ES51,Heating Tertiary,2010,8280,0.00018493300626922933,2010/12/11 23:00:00
ES51,Heating Tertiary,2010,8281,0.00023753100805230172,2010/12/12 00:00:00
ES51,Heating Tertiary,2010,8282,0.0002736320092761257,2010/12/12 01:00:00
ES51,Heating Tertiary,2010,8283,0.0003027810102642769,2010/12/12 02:00:00
ES51,Heating Tertiary,2010,8284,0.00032073201087281594,2010/12/12 03:00:00
ES51,Heating Tertiary,2010,8285,0.0003288970111496094,2010/12/12 04:00:00
ES51,Heating Tertiary,2010,8286,0.0003316970112445294,2010/12/12 05:00:00
ES51,Heating Tertiary,2010,8287,0.000325731011042282,2010/12/12 06:00:00
ES51,Heating Tertiary,2010,8288,0.00030820701044821837,2010/12/12 07:00:00
ES51,Heating Tertiary,2010,8289,0.0002804210095062728,2010/12/12 08:00:00
ES51,Heating Tertiary,2010,8290,0.0002476350083948273,2010/12/12 09:00:00
ES51,Heating Tertiary,2010,8291,0.00021688100735226665,2010/12/12 10:00:00
ES51,Heating Tertiary,2010,8292,0.00019318200654887044,2010/12/12 11:00:00
ES51,Heating Tertiary,2010,8293,0.0001768210059942325,2010/12/12 12:00:00
ES51,Heating Tertiary,2010,8294,0.0001642110055667534,2010/12/12 13:00:00
ES51,Heating Tertiary,2010,8295,0.00015450000523755053,2010/12/12 14:00:00
ES51,Heating Tertiary,2010,8296,0.0001491360050557109,2010/12/12 15:00:00
ES51,Heating Tertiary,2010,8297,0.00014674800497475768,2010/12/12 16:00:00
ES51,Heating Tertiary,2010,8298,0.00014559800493577264,2010/12/12 17:00:00
ES51,Heating Tertiary,2010,8299,0.00014375700487336278,2010/12/12 18:00:00
ES51,Heating Tertiary,2010,8300,0.0001431220048518363,2010/12/12 19:00:00
ES51,Heating Tertiary,2010,8301,0.0001456890049388576,2010/12/12 20:00:00
ES51,Heating Tertiary,2010,8302,0.00015492900525209362,2010/12/12 21:00:00
ES51,Heating Tertiary,2010,8303,0.00017392100589592248,2010/12/12 22:00:00
ES51,Heating Tertiary,2010,8304,0.00020225900685658078,2010/12/12 23:00:00
ES51,Heating Tertiary,2010,8305,0.0002291500077681858,2010/12/13 00:00:00
ES51,Heating Tertiary,2010,8306,0.00025956500879925436,2010/12/13 01:00:00
ES51,Heating Tertiary,2010,8307,0.0002828390095882431,2010/12/13 02:00:00
ES51,Heating Tertiary,2010,8308,0.0002968360100627414,2010/12/13 03:00:00
ES51,Heating Tertiary,2010,8309,0.00030409101030868597,2010/12/13 04:00:00
ES51,Heating Tertiary,2010,8310,0.00030678501040001257,2010/12/13 05:00:00
ES51,Heating Tertiary,2010,8311,0.00030111101020766394,2010/12/13 06:00:00
ES51,Heating Tertiary,2010,8312,0.00028325200960224376,2010/12/13 07:00:00
ES51,Heating Tertiary,2010,8313,0.00025527200865372164,2010/12/13 08:00:00
ES51,Heating Tertiary,2010,8314,0.00022330800757014194,2010/12/13 09:00:00
ES51,Heating Tertiary,2010,8315,0.00019462600659782208,2010/12/13 10:00:00
ES51,Heating Tertiary,2010,8316,0.00017247400584686923,2010/12/13 11:00:00
ES51,Heating Tertiary,2010,8317,0.00015708900532531762,2010/12/13 12:00:00
ES51,Heating Tertiary,2010,8318,0.000145585004935332,2010/12/13 13:00:00
ES51,Heating Tertiary,2010,8319,0.0001378660046736579,2010/12/13 14:00:00
ES51,Heating Tertiary,2010,8320,0.00013444400455765206,2010/12/13 15:00:00
ES51,Heating Tertiary,2010,8321,0.00013463000456395745,2010/12/13 16:00:00
ES51,Heating Tertiary,2010,8322,0.00013600200461046826,2010/12/13 17:00:00
ES51,Heating Tertiary,2010,8323,0.00013646300462609616,2010/12/13 18:00:00
ES51,Heating Tertiary,2010,8324,0.00013721500465158898,2010/12/13 19:00:00
ES51,Heating Tertiary,2010,8325,0.0001405780047655947,2010/12/13 20:00:00
ES51,Heating Tertiary,2010,8326,0.0001503200050958485,2010/12/13 21:00:00
ES51,Heating Tertiary,2010,8327,0.00016920000573588057,2010/12/13 22:00:00
ES51,Heating Tertiary,2010,8328,0.0001968540066733513,2010/12/13 23:00:00
ES51,Heating Tertiary,2010,8329,0.0002291500077681858,2010/12/14 00:00:00
ES51,Heating Tertiary,2010,8330,0.00025956500879925436,2010/12/14 01:00:00
ES51,Heating Tertiary,2010,8331,0.0002828390095882431,2010/12/14 02:00:00
ES51,Heating Tertiary,2010,8332,0.0002968360100627414,2010/12/14 03:00:00
ES51,Heating Tertiary,2010,8333,0.00030409101030868597,2010/12/14 04:00:00
ES51,Heating Tertiary,2010,8334,0.00030678501040001257,2010/12/14 05:00:00
ES51,Heating Tertiary,2010,8335,0.00030111101020766394,2010/12/14 06:00:00
ES51,Heating Tertiary,2010,8336,0.00028325200960224376,2010/12/14 07:00:00
ES51,Heating Tertiary,2010,8337,0.00025527200865372164,2010/12/14 08:00:00
ES51,Heating Tertiary,2010,8338,0.00022330800757014194,2010/12/14 09:00:00
ES51,Heating Tertiary,2010,8339,0.00019462600659782208,2010/12/14 10:00:00
ES51,Heating Tertiary,2010,8340,0.00017247400584686923,2010/12/14 11:00:00
ES51,Heating Tertiary,2010,8341,0.00015708900532531762,2010/12/14 12:00:00
ES51,Heating Tertiary,2010,8342,0.000145585004935332,2010/12/14 13:00:00
ES51,Heating Tertiary,2010,8343,0.0001378660046736579,2010/12/14 14:00:00
ES51,Heating Tertiary,2010,8344,0.00013444400455765206,2010/12/14 15:00:00
ES51,Heating Tertiary,2010,8345,0.00013463000456395745,2010/12/14 16:00:00
ES51,Heating Tertiary,2010,8346,0.00013600200461046826,2010/12/14 17:00:00
ES51,Heating Tertiary,2010,8347,0.00013646300462609616,2010/12/14 18:00:00
ES51,Heating Tertiary,2010,8348,0.00013721500465158898,2010/12/14 19:00:00
ES51,Heating Tertiary,2010,8349,0.0001405780047655947,2010/12/14 20:00:00
ES51,Heating Tertiary,2010,8350,0.0001503200050958485,2010/12/14 21:00:00
ES51,Heating Tertiary,2010,8351,0.00016920000573588057,2010/12/14 22:00:00
ES51,Heating Tertiary,2010,8352,0.0001968540066733513,2010/12/14 23:00:00
ES51,Heating Tertiary,2010,8353,0.00027304900925636204,2010/12/15 00:00:00
ES51,Heating Tertiary,2010,8354,0.0003092910104849659,2010/12/15 01:00:00
ES51,Heating Tertiary,2010,8355,0.00033702401142511476,2010/12/15 02:00:00
ES51,Heating Tertiary,2010,8356,0.000353702011990499,2010/12/15 03:00:00
ES51,Heating Tertiary,2010,8357,0.0003623490122836323,2010/12/15 04:00:00
ES51,Heating Tertiary,2010,8358,0.0003655580123924175,2010/12/15 05:00:00
ES51,Heating Tertiary,2010,8359,0.00035879701216321954,2010/12/15 06:00:00
ES51,Heating Tertiary,2010,8360,0.0003375160114417936,2010/12/15 07:00:00
ES51,Heating Tertiary,2010,8361,0.00030417701031160133,2010/12/15 08:00:00
ES51,Heating Tertiary,2010,8362,0.00026608800902038415,2010/12/15 09:00:00
ES51,Heating Tertiary,2010,8363,0.0002319110078617837,2010/12/15 10:00:00
ES51,Heating Tertiary,2010,8364,0.000205517006967027,2010/12/15 11:00:00
ES51,Heating Tertiary,2010,8365,0.00018718500634557213,2010/12/15 12:00:00
ES51,Heating Tertiary,2010,8366,0.00017347600588083699,2010/12/15 13:00:00
ES51,Heating Tertiary,2010,8367,0.00016427800556902475,2010/12/15 14:00:00
ES51,Heating Tertiary,2010,8368,0.0001601990054307466,2010/12/15 15:00:00
ES51,Heating Tertiary,2010,8369,0.00016042200543830634,2010/12/15 16:00:00
ES51,Heating Tertiary,2010,8370,0.0001620570054937329,2010/12/15 17:00:00
ES51,Heating Tertiary,2010,8371,0.00016260600551234395,2010/12/15 18:00:00
ES51,Heating Tertiary,2010,8372,0.00016350300554275225,2010/12/15 19:00:00
ES51,Heating Tertiary,2010,8373,0.00016750900567855565,2010/12/15 20:00:00
ES51,Heating Tertiary,2010,8374,0.0001791180060721008,2010/12/15 21:00:00
ES51,Heating Tertiary,2010,8375,0.0002016140068347153,2010/12/15 22:00:00
ES51,Heating Tertiary,2010,8376,0.0002345670079518221,2010/12/15 23:00:00
ES51,Heating Tertiary,2010,8377,0.00034823901180530345,2010/12/16 00:00:00
ES51,Heating Tertiary,2010,8378,0.00039446101337222924,2010/12/16 01:00:00
ES51,Heating Tertiary,2010,8379,0.00042983001457123844,2010/12/16 02:00:00
ES51,Heating Tertiary,2010,8380,0.00045110101529232543,2010/12/16 03:00:00
ES51,Heating Tertiary,2010,8381,0.00046212801566614077,2010/12/16 04:00:00
ES51,Heating Tertiary,2010,8382,0.0004662210158048935,2010/12/16 05:00:00
ES51,Heating Tertiary,2010,8383,0.0004576000155126416,2010/12/16 06:00:00
ES51,Heating Tertiary,2010,8384,0.00043045901459256154,2010/12/16 07:00:00
ES51,Heating Tertiary,2010,8385,0.0003879380131510997,2010/12/16 08:00:00
ES51,Heating Tertiary,2010,8386,0.0003393600115043052,2010/12/16 09:00:00
ES51,Heating Tertiary,2010,8387,0.0002957740100267396,2010/12/16 10:00:00
ES51,Heating Tertiary,2010,8388,0.000262109008885496,2010/12/16 11:00:00
ES51,Heating Tertiary,2010,8389,0.00023872900809291392,2010/12/16 12:00:00
ES51,Heating Tertiary,2010,8390,0.00022124600750024015,2010/12/16 13:00:00
ES51,Heating Tertiary,2010,8391,0.0002095160071025931,2010/12/16 14:00:00
ES51,Heating Tertiary,2010,8392,0.00020431400692624529,2010/12/16 15:00:00
ES51,Heating Tertiary,2010,8393,0.000204597006935839,2010/12/16 16:00:00
ES51,Heating Tertiary,2010,8394,0.0002066830070065544,2010/12/16 17:00:00
ES51,Heating Tertiary,2010,8395,0.00020738300703028443,2010/12/16 18:00:00
ES51,Heating Tertiary,2010,8396,0.000208527007069066,2010/12/16 19:00:00
ES51,Heating Tertiary,2010,8397,0.0002136360072422611,2010/12/16 20:00:00
ES51,Heating Tertiary,2010,8398,0.00022844200774418459,2010/12/16 21:00:00
ES51,Heating Tertiary,2010,8399,0.00025713300871680955,2010/12/16 22:00:00
ES51,Heating Tertiary,2010,8400,0.0002991590101414911,2010/12/16 23:00:00
ES51,Heating Tertiary,2010,8401,0.00032161901090288524,2010/12/17 00:00:00
ES51,Heating Tertiary,2010,8402,0.00036430801235004247,2010/12/17 01:00:00
ES51,Heating Tertiary,2010,8403,0.00039697301345738604,2010/12/17 02:00:00
ES51,Heating Tertiary,2010,8404,0.0004166180141233517,2010/12/17 03:00:00
ES51,Heating Tertiary,2010,8405,0.00042680201446858925,2010/12/17 04:00:00
ES51,Heating Tertiary,2010,8406,0.00043058201459673126,2010/12/17 05:00:00
ES51,Heating Tertiary,2010,8407,0.0004226200143268194,2010/12/17 06:00:00
ES51,Heating Tertiary,2010,8408,0.0003975540134770819,2010/12/17 07:00:00
ES51,Heating Tertiary,2010,8409,0.00035828301214579493,2010/12/17 08:00:00
ES51,Heating Tertiary,2010,8410,0.00031341901062490525,2010/12/17 09:00:00
ES51,Heating Tertiary,2010,8411,0.0002731650092602944,2010/12/17 10:00:00
ES51,Heating Tertiary,2010,8412,0.00024207300820627554,2010/12/17 11:00:00
ES51,Heating Tertiary,2010,8413,0.00022048100747430665,2010/12/17 12:00:00
ES51,Heating Tertiary,2010,8414,0.0002043340069269233,2010/12/17 13:00:00
ES51,Heating Tertiary,2010,8415,0.00019350000655965065,2010/12/17 14:00:00
ES51,Heating Tertiary,2010,8416,0.00018869700639682893,2010/12/17 15:00:00
ES51,Heating Tertiary,2010,8417,0.00018895800640567685,2010/12/17 16:00:00
ES51,Heating Tertiary,2010,8418,0.00019088400647096824,2010/12/17 17:00:00
ES51,Heating Tertiary,2010,8419,0.00019153100649290156,2010/12/17 18:00:00
ES51,Heating Tertiary,2010,8420,0.00019258700652869995,2010/12/17 19:00:00
ES51,Heating Tertiary,2010,8421,0.00019730500668864017,2010/12/17 20:00:00
ES51,Heating Tertiary,2010,8422,0.0002109800071522227,2010/12/17 21:00:00
ES51,Heating Tertiary,2010,8423,0.00023747700805047111,2010/12/17 22:00:00
ES51,Heating Tertiary,2010,8424,0.00027629000936623196,2010/12/17 23:00:00
ES51,Heating Tertiary,2010,8425,0.0003370780114269454,2010/12/18 00:00:00
ES51,Heating Tertiary,2010,8426,0.0003838200130114993,2010/12/18 01:00:00
ES51,Heating Tertiary,2010,8427,0.00041798201416959124,2010/12/18 02:00:00
ES51,Heating Tertiary,2010,8428,0.0004375580148332177,2010/12/18 03:00:00
ES51,Heating Tertiary,2010,8429,0.0004493970152345598,2010/12/18 04:00:00
ES51,Heating Tertiary,2010,8430,0.00045560001544484155,2010/12/18 05:00:00
ES51,Heating Tertiary,2010,8431,0.00044912701522540683,2010/12/18 06:00:00
ES51,Heating Tertiary,2010,8432,0.00042481001440106044,2010/12/18 07:00:00
ES51,Heating Tertiary,2010,8433,0.0003855080130687225,2010/12/18 08:00:00
ES51,Heating Tertiary,2010,8434,0.0003392300114998982,2010/12/18 09:00:00
ES51,Heating Tertiary,2010,8435,0.0002947740099928396,2010/12/18 10:00:00
ES51,Heating Tertiary,2010,8436,0.00025917600878606726,2010/12/18 11:00:00
ES51,Heating Tertiary,2010,8437,0.0002337230079232105,2010/12/18 12:00:00
ES51,Heating Tertiary,2010,8438,0.00021504100728989063,2010/12/18 13:00:00
ES51,Heating Tertiary,2010,8439,0.00020188100684376658,2010/12/18 14:00:00
ES51,Heating Tertiary,2010,8440,0.0001960890066474178,2010/12/18 15:00:00
ES51,Heating Tertiary,2010,8441,0.00019683800667280886,2010/12/18 16:00:00
ES51,Heating Tertiary,2010,8442,0.00019947500676220317,2010/12/18 17:00:00
ES51,Heating Tertiary,2010,8443,0.0002003080067904419,2010/12/18 18:00:00
ES51,Heating Tertiary,2010,8444,0.0002001320067844755,2010/12/18 19:00:00
ES51,Heating Tertiary,2010,8445,0.0002026690068704798,2010/12/18 20:00:00
ES51,Heating Tertiary,2010,8446,0.00021458600727446614,2010/12/18 21:00:00
ES51,Heating Tertiary,2010,8447,0.00024227200821302163,2010/12/18 22:00:00
ES51,Heating Tertiary,2010,8448,0.0002853410096730609,2010/12/18 23:00:00
ES51,Heating Tertiary,2010,8449,0.00033338301130168493,2010/12/19 00:00:00
ES51,Heating Tertiary,2010,8450,0.00038405201301936414,2010/12/19 01:00:00
ES51,Heating Tertiary,2010,8451,0.00042496201440621323,2010/12/19 02:00:00
ES51,Heating Tertiary,2010,8452,0.00045015801526035774,2010/12/19 03:00:00
ES51,Heating Tertiary,2010,8453,0.0004616190156488857,2010/12/19 04:00:00
ES51,Heating Tertiary,2010,8454,0.0004655470157820449,2010/12/19 05:00:00
ES51,Heating Tertiary,2010,8455,0.00045717401549820013,2010/12/19 06:00:00
ES51,Heating Tertiary,2010,8456,0.0004325790146644296,2010/12/19 07:00:00
ES51,Heating Tertiary,2010,8457,0.00039358001334236333,2010/12/19 08:00:00
ES51,Heating Tertiary,2010,8458,0.0003475640117824208,2010/12/19 09:00:00
ES51,Heating Tertiary,2010,8459,0.00030439901031912713,2010/12/19 10:00:00
ES51,Heating Tertiary,2010,8460,0.0002711370091915452,2010/12/19 11:00:00
ES51,Heating Tertiary,2010,8461,0.00024817500841313336,2010/12/19 12:00:00
ES51,Heating Tertiary,2010,8462,0.0002304770078131711,2010/12/19 13:00:00
ES51,Heating Tertiary,2010,8463,0.00021684500735104625,2010/12/19 14:00:00
ES51,Heating Tertiary,2010,8464,0.000209317007095847,2010/12/19 15:00:00
ES51,Heating Tertiary,2010,8465,0.00020596500698221422,2010/12/19 16:00:00
ES51,Heating Tertiary,2010,8466,0.0002043520069275335,2010/12/19 17:00:00
ES51,Heating Tertiary,2010,8467,0.00020176700683990198,2010/12/19 18:00:00
ES51,Heating Tertiary,2010,8468,0.000200877006809731,2010/12/19 19:00:00
ES51,Heating Tertiary,2010,8469,0.0002044780069318049,2010/12/19 20:00:00
ES51,Heating Tertiary,2010,8470,0.00021744800737148794,2010/12/19 21:00:00
ES51,Heating Tertiary,2010,8471,0.00024410300827509254,2010/12/19 22:00:00
ES51,Heating Tertiary,2010,8472,0.00028387600962339737,2010/12/19 23:00:00
ES51,Heating Tertiary,2010,8473,0.00025094400850700246,2010/12/20 00:00:00
ES51,Heating Tertiary,2010,8474,0.0002842520096361438,2010/12/20 01:00:00
ES51,Heating Tertiary,2010,8475,0.00030974001050018706,2010/12/20 02:00:00
ES51,Heating Tertiary,2010,8476,0.0003250670110197724,2010/12/20 03:00:00
ES51,Heating Tertiary,2010,8477,0.00033301301128914194,2010/12/20 04:00:00
ES51,Heating Tertiary,2010,8478,0.0003359630113891469,2010/12/20 05:00:00
ES51,Heating Tertiary,2010,8479,0.0003297500111785261,2010/12/20 06:00:00
ES51,Heating Tertiary,2010,8480,0.00031019301051554373,2010/12/20 07:00:00
ES51,Heating Tertiary,2010,8481,0.00027955100947677983,2010/12/20 08:00:00
ES51,Heating Tertiary,2010,8482,0.00024454600829011024,2010/12/20 09:00:00
ES51,Heating Tertiary,2010,8483,0.000213137007225345,2010/12/20 10:00:00
ES51,Heating Tertiary,2010,8484,0.00018887800640296482,2010/12/20 11:00:00
ES51,Heating Tertiary,2010,8485,0.00017203100583185145,2010/12/20 12:00:00
ES51,Heating Tertiary,2010,8486,0.00015943200540474538,2010/12/20 13:00:00
ES51,Heating Tertiary,2010,8487,0.00015097800511815467,2010/12/20 14:00:00
ES51,Heating Tertiary,2010,8488,0.0001472300049910975,2010/12/20 15:00:00
ES51,Heating Tertiary,2010,8489,0.000147435004998047,2010/12/20 16:00:00
ES51,Heating Tertiary,2010,8490,0.0001489380050489987,2010/12/20 17:00:00
ES51,Heating Tertiary,2010,8491,0.0001494410050660504,2010/12/20 18:00:00
ES51,Heating Tertiary,2010,8492,0.0001502660050940179,2010/12/20 19:00:00
ES51,Heating Tertiary,2010,8493,0.00015394800521883767,2010/12/20 20:00:00
ES51,Heating Tertiary,2010,8494,0.0001646170055805169,2010/12/20 21:00:00
ES51,Heating Tertiary,2010,8495,0.00018529200628139943,2010/12/20 22:00:00
ES51,Heating Tertiary,2010,8496,0.00021557700730806103,2010/12/20 23:00:00
ES51,Heating Tertiary,2010,8497,0.00025094400850700246,2010/12/21 00:00:00
ES51,Heating Tertiary,2010,8498,0.0002842520096361438,2010/12/21 01:00:00
ES51,Heating Tertiary,2010,8499,0.00030974001050018706,2010/12/21 02:00:00
ES51,Heating Tertiary,2010,8500,0.0003250670110197724,2010/12/21 03:00:00
ES51,Heating Tertiary,2010,8501,0.00033301301128914194,2010/12/21 04:00:00
ES51,Heating Tertiary,2010,8502,0.0003359630113891469,2010/12/21 05:00:00
ES51,Heating Tertiary,2010,8503,0.0003297500111785261,2010/12/21 06:00:00
ES51,Heating Tertiary,2010,8504,0.00031019301051554373,2010/12/21 07:00:00
ES51,Heating Tertiary,2010,8505,0.00027955100947677983,2010/12/21 08:00:00
ES51,Heating Tertiary,2010,8506,0.00024454600829011024,2010/12/21 09:00:00
ES51,Heating Tertiary,2010,8507,0.000213137007225345,2010/12/21 10:00:00
ES51,Heating Tertiary,2010,8508,0.00018887800640296482,2010/12/21 11:00:00
ES51,Heating Tertiary,2010,8509,0.00017203100583185145,2010/12/21 12:00:00
ES51,Heating Tertiary,2010,8510,0.00015943200540474538,2010/12/21 13:00:00
ES51,Heating Tertiary,2010,8511,0.00015097800511815467,2010/12/21 14:00:00
ES51,Heating Tertiary,2010,8512,0.0001472300049910975,2010/12/21 15:00:00
ES51,Heating Tertiary,2010,8513,0.000147435004998047,2010/12/21 16:00:00
ES51,Heating Tertiary,2010,8514,0.0001489380050489987,2010/12/21 17:00:00
ES51,Heating Tertiary,2010,8515,0.0001494410050660504,2010/12/21 18:00:00
ES51,Heating Tertiary,2010,8516,0.0001502660050940179,2010/12/21 19:00:00
ES51,Heating Tertiary,2010,8517,0.00015394800521883767,2010/12/21 20:00:00
ES51,Heating Tertiary,2010,8518,0.0001646170055805169,2010/12/21 21:00:00
ES51,Heating Tertiary,2010,8519,0.00018529200628139943,2010/12/21 22:00:00
ES51,Heating Tertiary,2010,8520,0.00021557700730806103,2010/12/21 23:00:00
ES51,Heating Tertiary,2010,8521,0.00018540600628526402,2010/12/22 00:00:00
ES51,Heating Tertiary,2010,8522,0.0002100150071195092,2010/12/22 01:00:00
ES51,Heating Tertiary,2010,8523,0.0002288460077578802,2010/12/22 02:00:00
ES51,Heating Tertiary,2010,8524,0.0002401700081417638,2010/12/22 03:00:00
ES51,Heating Tertiary,2010,8525,0.00024604200834082464,2010/12/22 04:00:00
ES51,Heating Tertiary,2010,8526,0.00024822000841465884,2010/12/22 05:00:00
ES51,Heating Tertiary,2010,8527,0.00024363000825905782,2010/12/22 06:00:00
ES51,Heating Tertiary,2010,8528,0.0002291800077692028,2010/12/22 07:00:00
ES51,Heating Tertiary,2010,8529,0.0002065410070017406,2010/12/22 08:00:00
ES51,Heating Tertiary,2010,8530,0.00018067900612501873,2010/12/22 09:00:00
ES51,Heating Tertiary,2010,8531,0.00015747200533830133,2010/12/22 10:00:00
ES51,Heating Tertiary,2010,8532,0.00013955000473074548,2010/12/22 11:00:00
ES51,Heating Tertiary,2010,8533,0.00012710200430875824,2010/12/22 12:00:00
ES51,Heating Tertiary,2010,8534,0.000117794003993217,2010/12/22 13:00:00
ES51,Heating Tertiary,2010,8535,0.00011154800378147758,2010/12/22 14:00:00
ES51,Heating Tertiary,2010,8536,0.00010877900368760847,2010/12/22 15:00:00
ES51,Heating Tertiary,2010,8537,0.00010893000369272737,2010/12/22 16:00:00
ES51,Heating Tertiary,2010,8538,0.00011004000373035638,2010/12/22 17:00:00
ES51,Heating Tertiary,2010,8539,0.00011041200374296718,2010/12/22 18:00:00
ES51,Heating Tertiary,2010,8540,0.00011102100376361227,2010/12/22 19:00:00
ES51,Heating Tertiary,2010,8541,0.00011374200385585419,2010/12/22 20:00:00
ES51,Heating Tertiary,2010,8542,0.00012162500412308791,2010/12/22 21:00:00
ES51,Heating Tertiary,2010,8543,0.00013690000464091048,2010/12/22 22:00:00
ES51,Heating Tertiary,2010,8544,0.00015927500539942305,2010/12/22 23:00:00
ES51,Heating Tertiary,2010,8545,0.00018540600628526402,2010/12/23 00:00:00
ES51,Heating Tertiary,2010,8546,0.0002100150071195092,2010/12/23 01:00:00
ES51,Heating Tertiary,2010,8547,0.0002288460077578802,2010/12/23 02:00:00
ES51,Heating Tertiary,2010,8548,0.0002401700081417638,2010/12/23 03:00:00
ES51,Heating Tertiary,2010,8549,0.00024604200834082464,2010/12/23 04:00:00
ES51,Heating Tertiary,2010,8550,0.00024822000841465884,2010/12/23 05:00:00
ES51,Heating Tertiary,2010,8551,0.00024363000825905782,2010/12/23 06:00:00
ES51,Heating Tertiary,2010,8552,0.0002291800077692028,2010/12/23 07:00:00
ES51,Heating Tertiary,2010,8553,0.0002065410070017406,2010/12/23 08:00:00
ES51,Heating Tertiary,2010,8554,0.00018067900612501873,2010/12/23 09:00:00
ES51,Heating Tertiary,2010,8555,0.00015747200533830133,2010/12/23 10:00:00
ES51,Heating Tertiary,2010,8556,0.00013955000473074548,2010/12/23 11:00:00
ES51,Heating Tertiary,2010,8557,0.00012710200430875824,2010/12/23 12:00:00
ES51,Heating Tertiary,2010,8558,0.000117794003993217,2010/12/23 13:00:00
ES51,Heating Tertiary,2010,8559,0.00011154800378147758,2010/12/23 14:00:00
ES51,Heating Tertiary,2010,8560,0.00010877900368760847,2010/12/23 15:00:00
ES51,Heating Tertiary,2010,8561,0.00010893000369272737,2010/12/23 16:00:00
ES51,Heating Tertiary,2010,8562,0.00011004000373035638,2010/12/23 17:00:00
ES51,Heating Tertiary,2010,8563,0.00011041200374296718,2010/12/23 18:00:00
ES51,Heating Tertiary,2010,8564,0.00011102100376361227,2010/12/23 19:00:00
ES51,Heating Tertiary,2010,8565,0.00011374200385585419,2010/12/23 20:00:00
ES51,Heating Tertiary,2010,8566,0.00012162500412308791,2010/12/23 21:00:00
ES51,Heating Tertiary,2010,8567,0.00013690000464091048,2010/12/23 22:00:00
ES51,Heating Tertiary,2010,8568,0.00015927500539942305,2010/12/23 23:00:00
ES51,Heating Tertiary,2010,8569,0.00018540600628526402,2010/12/24 00:00:00
ES51,Heating Tertiary,2010,8570,0.0002100150071195092,2010/12/24 01:00:00
ES51,Heating Tertiary,2010,8571,0.0002288460077578802,2010/12/24 02:00:00
ES51,Heating Tertiary,2010,8572,0.0002401700081417638,2010/12/24 03:00:00
ES51,Heating Tertiary,2010,8573,0.00024604200834082464,2010/12/24 04:00:00
ES51,Heating Tertiary,2010,8574,0.00024822000841465884,2010/12/24 05:00:00
ES51,Heating Tertiary,2010,8575,0.00024363000825905782,2010/12/24 06:00:00
ES51,Heating Tertiary,2010,8576,0.0002291800077692028,2010/12/24 07:00:00
ES51,Heating Tertiary,2010,8577,0.0002065410070017406,2010/12/24 08:00:00
ES51,Heating Tertiary,2010,8578,0.00018067900612501873,2010/12/24 09:00:00
ES51,Heating Tertiary,2010,8579,0.00015747200533830133,2010/12/24 10:00:00
ES51,Heating Tertiary,2010,8580,0.00013955000473074548,2010/12/24 11:00:00
ES51,Heating Tertiary,2010,8581,0.00012710200430875824,2010/12/24 12:00:00
ES51,Heating Tertiary,2010,8582,0.000117794003993217,2010/12/24 13:00:00
ES51,Heating Tertiary,2010,8583,0.00011154800378147758,2010/12/24 14:00:00
ES51,Heating Tertiary,2010,8584,0.00010877900368760847,2010/12/24 15:00:00
ES51,Heating Tertiary,2010,8585,0.00010893000369272737,2010/12/24 16:00:00
ES51,Heating Tertiary,2010,8586,0.00011004000373035638,2010/12/24 17:00:00
ES51,Heating Tertiary,2010,8587,0.00011041200374296718,2010/12/24 18:00:00
ES51,Heating Tertiary,2010,8588,0.00011102100376361227,2010/12/24 19:00:00
ES51,Heating Tertiary,2010,8589,0.00011374200385585419,2010/12/24 20:00:00
ES51,Heating Tertiary,2010,8590,0.00012162500412308791,2010/12/24 21:00:00
ES51,Heating Tertiary,2010,8591,0.00013690000464091048,2010/12/24 22:00:00
ES51,Heating Tertiary,2010,8592,0.00015927500539942305,2010/12/24 23:00:00
ES51,Heating Tertiary,2010,8593,0.0002601220088181367,2010/12/25 00:00:00
ES51,Heating Tertiary,2010,8594,0.0002996570101583733,2010/12/25 01:00:00
ES51,Heating Tertiary,2010,8595,0.0003315780112404954,2010/12/25 02:00:00
ES51,Heating Tertiary,2010,8596,0.0003512370119069355,2010/12/25 03:00:00
ES51,Heating Tertiary,2010,8597,0.00036017901221006946,2010/12/25 04:00:00
ES51,Heating Tertiary,2010,8598,0.00036324401231397285,2010/12/25 05:00:00
ES51,Heating Tertiary,2010,8599,0.0003567100120924702,2010/12/25 06:00:00
ES51,Heating Tertiary,2010,8600,0.00033752101144196307,2010/12/25 07:00:00
ES51,Heating Tertiary,2010,8601,0.00030709201041041983,2010/12/25 08:00:00
ES51,Heating Tertiary,2010,8602,0.00027118700919324024,2010/12/25 09:00:00
ES51,Heating Tertiary,2010,8603,0.000237508008051522,2010/12/25 10:00:00
ES51,Heating Tertiary,2010,8604,0.00021155600717174912,2010/12/25 11:00:00
ES51,Heating Tertiary,2010,8605,0.00019363900656436278,2010/12/25 12:00:00
ES51,Heating Tertiary,2010,8606,0.00017983000609623763,2010/12/25 13:00:00
ES51,Heating Tertiary,2010,8607,0.00016919300573564323,2010/12/25 14:00:00
ES51,Heating Tertiary,2010,8608,0.00016332000553654854,2010/12/25 15:00:00
ES51,Heating Tertiary,2010,8609,0.00016070400544786616,2010/12/25 16:00:00
ES51,Heating Tertiary,2010,8610,0.00015944600540521994,2010/12/25 17:00:00
ES51,Heating Tertiary,2010,8611,0.00015743000533687755,2010/12/25 18:00:00
ES51,Heating Tertiary,2010,8612,0.00015673400531328313,2010/12/25 19:00:00
ES51,Heating Tertiary,2010,8613,0.00015954500540857602,2010/12/25 20:00:00
ES51,Heating Tertiary,2010,8614,0.00016966400575161021,2010/12/25 21:00:00
ES51,Heating Tertiary,2010,8615,0.00019046100645662856,2010/12/25 22:00:00
ES51,Heating Tertiary,2010,8616,0.00022149500750868125,2010/12/25 23:00:00
ES51,Heating Tertiary,2010,8617,0.00033338301130168493,2010/12/26 00:00:00
ES51,Heating Tertiary,2010,8618,0.00038405201301936414,2010/12/26 01:00:00
ES51,Heating Tertiary,2010,8619,0.00042496201440621323,2010/12/26 02:00:00
ES51,Heating Tertiary,2010,8620,0.00045015801526035774,2010/12/26 03:00:00
ES51,Heating Tertiary,2010,8621,0.0004616190156488857,2010/12/26 04:00:00
ES51,Heating Tertiary,2010,8622,0.0004655470157820449,2010/12/26 05:00:00
ES51,Heating Tertiary,2010,8623,0.00045717401549820013,2010/12/26 06:00:00
ES51,Heating Tertiary,2010,8624,0.0004325790146644296,2010/12/26 07:00:00
ES51,Heating Tertiary,2010,8625,0.00039358001334236333,2010/12/26 08:00:00
ES51,Heating Tertiary,2010,8626,0.0003475640117824208,2010/12/26 09:00:00
ES51,Heating Tertiary,2010,8627,0.00030439901031912713,2010/12/26 10:00:00
ES51,Heating Tertiary,2010,8628,0.0002711370091915452,2010/12/26 11:00:00
ES51,Heating Tertiary,2010,8629,0.00024817500841313336,2010/12/26 12:00:00
ES51,Heating Tertiary,2010,8630,0.0002304770078131711,2010/12/26 13:00:00
ES51,Heating Tertiary,2010,8631,0.00021684500735104625,2010/12/26 14:00:00
ES51,Heating Tertiary,2010,8632,0.000209317007095847,2010/12/26 15:00:00
ES51,Heating Tertiary,2010,8633,0.00020596500698221422,2010/12/26 16:00:00
ES51,Heating Tertiary,2010,8634,0.0002043520069275335,2010/12/26 17:00:00
ES51,Heating Tertiary,2010,8635,0.00020176700683990198,2010/12/26 18:00:00
ES51,Heating Tertiary,2010,8636,0.000200877006809731,2010/12/26 19:00:00
ES51,Heating Tertiary,2010,8637,0.0002044780069318049,2010/12/26 20:00:00
ES51,Heating Tertiary,2010,8638,0.00021744800737148794,2010/12/26 21:00:00
ES51,Heating Tertiary,2010,8639,0.00024410300827509254,2010/12/26 22:00:00
ES51,Heating Tertiary,2010,8640,0.00028387600962339737,2010/12/26 23:00:00
ES51,Heating Tertiary,2010,8641,0.00034823901180530345,2010/12/27 00:00:00
ES51,Heating Tertiary,2010,8642,0.00039446101337222924,2010/12/27 01:00:00
ES51,Heating Tertiary,2010,8643,0.00042983001457123844,2010/12/27 02:00:00
ES51,Heating Tertiary,2010,8644,0.00045110101529232543,2010/12/27 03:00:00
ES51,Heating Tertiary,2010,8645,0.00046212801566614077,2010/12/27 04:00:00
ES51,Heating Tertiary,2010,8646,0.0004662210158048935,2010/12/27 05:00:00
ES51,Heating Tertiary,2010,8647,0.0004576000155126416,2010/12/27 06:00:00
ES51,Heating Tertiary,2010,8648,0.00043045901459256154,2010/12/27 07:00:00
ES51,Heating Tertiary,2010,8649,0.0003879380131510997,2010/12/27 08:00:00
ES51,Heating Tertiary,2010,8650,0.0003393600115043052,2010/12/27 09:00:00
ES51,Heating Tertiary,2010,8651,0.0002957740100267396,2010/12/27 10:00:00
ES51,Heating Tertiary,2010,8652,0.000262109008885496,2010/12/27 11:00:00
ES51,Heating Tertiary,2010,8653,0.00023872900809291392,2010/12/27 12:00:00
ES51,Heating Tertiary,2010,8654,0.00022124600750024015,2010/12/27 13:00:00
ES51,Heating Tertiary,2010,8655,0.0002095160071025931,2010/12/27 14:00:00
ES51,Heating Tertiary,2010,8656,0.00020431400692624529,2010/12/27 15:00:00
ES51,Heating Tertiary,2010,8657,0.000204597006935839,2010/12/27 16:00:00
ES51,Heating Tertiary,2010,8658,0.0002066830070065544,2010/12/27 17:00:00
ES51,Heating Tertiary,2010,8659,0.00020738300703028443,2010/12/27 18:00:00
ES51,Heating Tertiary,2010,8660,0.000208527007069066,2010/12/27 19:00:00
ES51,Heating Tertiary,2010,8661,0.0002136360072422611,2010/12/27 20:00:00
ES51,Heating Tertiary,2010,8662,0.00022844200774418459,2010/12/27 21:00:00
ES51,Heating Tertiary,2010,8663,0.00025713300871680955,2010/12/27 22:00:00
ES51,Heating Tertiary,2010,8664,0.0002991590101414911,2010/12/27 23:00:00
ES51,Heating Tertiary,2010,8665,0.00032161901090288524,2010/12/28 00:00:00
ES51,Heating Tertiary,2010,8666,0.00036430801235004247,2010/12/28 01:00:00
ES51,Heating Tertiary,2010,8667,0.00039697301345738604,2010/12/28 02:00:00
ES51,Heating Tertiary,2010,8668,0.0004166180141233517,2010/12/28 03:00:00
ES51,Heating Tertiary,2010,8669,0.00042680201446858925,2010/12/28 04:00:00
ES51,Heating Tertiary,2010,8670,0.00043058201459673126,2010/12/28 05:00:00
ES51,Heating Tertiary,2010,8671,0.0004226200143268194,2010/12/28 06:00:00
ES51,Heating Tertiary,2010,8672,0.0003975540134770819,2010/12/28 07:00:00
ES51,Heating Tertiary,2010,8673,0.00035828301214579493,2010/12/28 08:00:00
ES51,Heating Tertiary,2010,8674,0.00031341901062490525,2010/12/28 09:00:00
ES51,Heating Tertiary,2010,8675,0.0002731650092602944,2010/12/28 10:00:00
ES51,Heating Tertiary,2010,8676,0.00024207300820627554,2010/12/28 11:00:00
ES51,Heating Tertiary,2010,8677,0.00022048100747430665,2010/12/28 12:00:00
ES51,Heating Tertiary,2010,8678,0.0002043340069269233,2010/12/28 13:00:00
ES51,Heating Tertiary,2010,8679,0.00019350000655965065,2010/12/28 14:00:00
ES51,Heating Tertiary,2010,8680,0.00018869700639682893,2010/12/28 15:00:00
ES51,Heating Tertiary,2010,8681,0.00018895800640567685,2010/12/28 16:00:00
ES51,Heating Tertiary,2010,8682,0.00019088400647096824,2010/12/28 17:00:00
ES51,Heating Tertiary,2010,8683,0.00019153100649290156,2010/12/28 18:00:00
ES51,Heating Tertiary,2010,8684,0.00019258700652869995,2010/12/28 19:00:00
ES51,Heating Tertiary,2010,8685,0.00019730500668864017,2010/12/28 20:00:00
ES51,Heating Tertiary,2010,8686,0.0002109800071522227,2010/12/28 21:00:00
ES51,Heating Tertiary,2010,8687,0.00023747700805047111,2010/12/28 22:00:00
ES51,Heating Tertiary,2010,8688,0.00027629000936623196,2010/12/28 23:00:00
ES51,Heating Tertiary,2010,8689,0.00027304900925636204,2010/12/29 00:00:00
ES51,Heating Tertiary,2010,8690,0.0003092910104849659,2010/12/29 01:00:00
ES51,Heating Tertiary,2010,8691,0.00033702401142511476,2010/12/29 02:00:00
ES51,Heating Tertiary,2010,8692,0.000353702011990499,2010/12/29 03:00:00
ES51,Heating Tertiary,2010,8693,0.0003623490122836323,2010/12/29 04:00:00
ES51,Heating Tertiary,2010,8694,0.0003655580123924175,2010/12/29 05:00:00
ES51,Heating Tertiary,2010,8695,0.00035879701216321954,2010/12/29 06:00:00
ES51,Heating Tertiary,2010,8696,0.0003375160114417936,2010/12/29 07:00:00
ES51,Heating Tertiary,2010,8697,0.00030417701031160133,2010/12/29 08:00:00
ES51,Heating Tertiary,2010,8698,0.00026608800902038415,2010/12/29 09:00:00
ES51,Heating Tertiary,2010,8699,0.0002319110078617837,2010/12/29 10:00:00
ES51,Heating Tertiary,2010,8700,0.000205517006967027,2010/12/29 11:00:00
ES51,Heating Tertiary,2010,8701,0.00018718500634557213,2010/12/29 12:00:00
ES51,Heating Tertiary,2010,8702,0.00017347600588083699,2010/12/29 13:00:00
ES51,Heating Tertiary,2010,8703,0.00016427800556902475,2010/12/29 14:00:00
ES51,Heating Tertiary,2010,8704,0.0001601990054307466,2010/12/29 15:00:00
ES51,Heating Tertiary,2010,8705,0.00016042200543830634,2010/12/29 16:00:00
ES51,Heating Tertiary,2010,8706,0.0001620570054937329,2010/12/29 17:00:00
ES51,Heating Tertiary,2010,8707,0.00016260600551234395,2010/12/29 18:00:00
ES51,Heating Tertiary,2010,8708,0.00016350300554275225,2010/12/29 19:00:00
ES51,Heating Tertiary,2010,8709,0.00016750900567855565,2010/12/29 20:00:00
ES51,Heating Tertiary,2010,8710,0.0001791180060721008,2010/12/29 21:00:00
ES51,Heating Tertiary,2010,8711,0.0002016140068347153,2010/12/29 22:00:00
ES51,Heating Tertiary,2010,8712,0.0002345670079518221,2010/12/29 23:00:00
ES51,Heating Tertiary,2010,8713,0.0002291500077681858,2010/12/30 00:00:00
ES51,Heating Tertiary,2010,8714,0.00025956500879925436,2010/12/30 01:00:00
ES51,Heating Tertiary,2010,8715,0.0002828390095882431,2010/12/30 02:00:00
ES51,Heating Tertiary,2010,8716,0.0002968360100627414,2010/12/30 03:00:00
ES51,Heating Tertiary,2010,8717,0.00030409101030868597,2010/12/30 04:00:00
ES51,Heating Tertiary,2010,8718,0.00030678501040001257,2010/12/30 05:00:00
ES51,Heating Tertiary,2010,8719,0.00030111101020766394,2010/12/30 06:00:00
ES51,Heating Tertiary,2010,8720,0.00028325200960224376,2010/12/30 07:00:00
ES51,Heating Tertiary,2010,8721,0.00025527200865372164,2010/12/30 08:00:00
ES51,Heating Tertiary,2010,8722,0.00022330800757014194,2010/12/30 09:00:00
ES51,Heating Tertiary,2010,8723,0.00019462600659782208,2010/12/30 10:00:00
ES51,Heating Tertiary,2010,8724,0.00017247400584686923,2010/12/30 11:00:00
ES51,Heating Tertiary,2010,8725,0.00015708900532531762,2010/12/30 12:00:00
ES51,Heating Tertiary,2010,8726,0.000145585004935332,2010/12/30 13:00:00
ES51,Heating Tertiary,2010,8727,0.0001378660046736579,2010/12/30 14:00:00
ES51,Heating Tertiary,2010,8728,0.00013444400455765206,2010/12/30 15:00:00
ES51,Heating Tertiary,2010,8729,0.00013463000456395745,2010/12/30 16:00:00
ES51,Heating Tertiary,2010,8730,0.00013600200461046826,2010/12/30 17:00:00
ES51,Heating Tertiary,2010,8731,0.00013646300462609616,2010/12/30 18:00:00
ES51,Heating Tertiary,2010,8732,0.00013721500465158898,2010/12/30 19:00:00
ES51,Heating Tertiary,2010,8733,0.0001405780047655947,2010/12/30 20:00:00
ES51,Heating Tertiary,2010,8734,0.0001503200050958485,2010/12/30 21:00:00
ES51,Heating Tertiary,2010,8735,0.00016920000573588057,2010/12/30 22:00:00
ES51,Heating Tertiary,2010,8736,0.0001968540066733513,2010/12/30 23:00:00
ES51,Heating Tertiary,2010,8737,0.0002084450070662862,2010/12/31 00:00:00
ES51,Heating Tertiary,2010,8738,0.0002361130080042315,2010/12/31 01:00:00
ES51,Heating Tertiary,2010,8739,0.0002572830087218946,2010/12/31 02:00:00
ES51,Heating Tertiary,2010,8740,0.0002700150091535094,2010/12/31 03:00:00
ES51,Heating Tertiary,2010,8741,0.00027661600937728333,2010/12/31 04:00:00
ES51,Heating Tertiary,2010,8742,0.00027906500946030445,2010/12/31 05:00:00
ES51,Heating Tertiary,2010,8743,0.0002739050092853804,2010/12/31 06:00:00
ES51,Heating Tertiary,2010,8744,0.0002576600087346749,2010/12/31 07:00:00
ES51,Heating Tertiary,2010,8745,0.0002322070078718181,2010/12/31 08:00:00
ES51,Heating Tertiary,2010,8746,0.0002031310068861416,2010/12/31 09:00:00
ES51,Heating Tertiary,2010,8747,0.0001770410060016905,2010/12/31 10:00:00
ES51,Heating Tertiary,2010,8748,0.0001568900053185715,2010/12/31 11:00:00
ES51,Heating Tertiary,2010,8749,0.00014289600484417494,2010/12/31 12:00:00
ES51,Heating Tertiary,2010,8750,0.00013243100448941136,2010/12/31 13:00:00
ES51,Heating Tertiary,2010,8751,0.00012541000425139942,2010/12/31 14:00:00
ES51,Heating Tertiary,2010,8752,0.00012229600414583484,2010/12/31 15:00:00
ES51,Heating Tertiary,2010,8753,0.00012246500415156393,2010/12/31 16:00:00
ES51,Heating Tertiary,2010,8754,0.00012371400419390502,2010/12/31 17:00:00
ES51,Heating Tertiary,2010,8755,0.00012413400420814303,2010/12/31 18:00:00
ES51,Heating Tertiary,2010,8756,0.00012481800423133063,2010/12/31 19:00:00
ES51,Heating Tertiary,2010,8757,0.00012787700433503074,2010/12/31 20:00:00
ES51,Heating Tertiary,2010,8758,0.00013673900463545256,2010/12/31 21:00:00
ES51,Heating Tertiary,2010,8759,0.00015391100521758343,2010/12/31 22:00:00
ES51,Heating Tertiary,2010,8760,0.00017906700607037192,2010/12/31 23:00:00
